157
108
38
91
48
1
98
11
4
1
7
2
47
1
96
14
23
78
58
3
9
6
49
22
2
103
1
296
1
1
1
10
1
62
1
9
8
111
111
62
72
4
72
8
110
114
3
288
87
114
9
296
1
47
4
11
23
7
296
10
4
157
296
98
38
296
7
296
42
296
3
38
62
117
277
4
88
12
94
296
4
5
73
296
1
157
90
21
14
98
49
10
38
9
72
296
78
8
5
10
117
296
21
9
47
6
2
2
4
72
78
87
47
1
2
88
1
14
1
3
294
7
296
111
62
30
103
2
72
74
1
9
90
18
4
14
98
116
8
114
1
4
98
26
3
88
12
27
9
4
87
89
3
42
3
41
296
5
91
1
288
21
61
4
4
72
4
46
2
1
1
296
1
8
277
12
12
296
277
2
73
288
2
6
38
3
2
21
36
32
7
91
2
88
296
11
6
157
108
296
25
98
296
7
10
8
105
12
4
98
9
2
157
11
62
44
105
78
47
91
119
62
103
3
49
87
4
1
12
3
73
96
4
5
9
3
68
4
3
73
72
91
6
91
9
4
98
8
8
47
8
3
89
87
4
6
42
1
46
1
116
140
4
38
78
3
157
3
103
296
296
14
8
157
87
1
11
3
38
61
108
103
51
62
44
157
4
38
119
46
8
139
1
4
89
12
38
10
4
98
1
12
8
47
20
47
1
2
26
7
277
296
3
90
6
47
27
88
98
3
79
6
7
296
100
5
27
157
84
49
157
18
95
46
47
7
157
9
1
105
27
108
88
2
4
3
6
1
38
1
296
26
3
65
157
7
116
6
74
117
3
296
9
157
3
90
114
1
110
4
98
296
296
1
296
296
4
4
1
38
296
119
2
49
49
84
8
36
41
10
38
18
119
4
13
288
1
9
91
2
88
296
7
4
9
296
2
2
296
114
38
27
98
11
3
4
3
7
13
6
98
38
27
39
2
39
39
157
296
32
111
7
3
8
7
2
10
6
27
296
2
38
9
2
8
4
23
6
7
3
9
87
49
296
12
2
157
47
2
22
47
296
14
1
296
11
79
8
26
119
7
90
4
6
5
3
78
98
1
296
18
4
4
38
49
91
58
84
296
5
3
116
47
1
88
22
62
4
51
3
119
1
62
83
2
3
105
3
3
38
11
83
65
1
88
139
44
98
296
18
117
12
296
14
38
76
111
21
89
3
5
8
2
8
9
289
5
14
7
117
3
29
98
2
296
16
88
8
5
4
1
3
62
96
3
103
7
8
98
12
1
105
3
89
7
18
143
3
61
4
2
143
1
98
18
88
9
7
296
58
18
78
21
2
73
296
93
14
108
9
11
7
68
14
117
47
98
294
9
10
73
277
3
4
85
94
84
58
277
119
47
2
90
4
91
157
296
296
3
3
38
10
3
8
119
68
296
3
89
139
14
9
296
1
157
62
296
296
91
14
157
1
119
84
20
3
38
91
11
29
8
3
27
2
5
4
11
111
6
29
3
14
10
6
73
1
88
96
87
5
8
2
27
3
1
42
2
91
296
119
98
2
98
7
2
1
49
72
3
82
108
78
6
3
49
88
7
11
73
88
88
294
296
3
26
62
1
48
18
7
88
12
14
91
18
20
89
42
11
296
6
6
4
157
84
38
1
2
8
119
1
14
7
21
4
7
90
26
2
4
8
296
38
2
58
87
21
296
2
62
105
111
7
95
6
111
117
294
1
87
4
105
8
35
45
296
108
3
6
98
6
90
49
82
1
6
22
1
27
3
2
116
4
26
72
1
4
7
26
8
94
4
38
296
47
7
21
89
47
26
1
296
157
8
27
17
11
4
105
1
47
32
46
157
117
71
1
2
8
296
3
5
103
26
3
103
38
1
3
98
38
6
296
2
88
2
87
87
296
5
10
117
47
1
14
2
90
9
296
2
44
78
49
119
46
288
108
90
289
26
88
1
47
26
27
3
94
119
90
51
98
4
3
4
7
288
105
2
6
38
11
18
3
98
277
4
88
2
39
296
6
10
26
6
157
38
10
73
38
4
6
27
14
6
274
36
98
288
7
4
11
98
18
62
6
11
6
8
38
9
6
116
36
7
83
296
5
1
119
1
7
1
79
11
2
2
6
296
46
157
1
49
21
14
38
4
2
296
105
7
3
1
296
57
73
119
5
41
2
14
27
296
58
14
78
44
116
105
3
1
14
5
157
83
4
49
125
98
1
14
296
38
73
119
4
39
277
1
6
7
47
68
29
103
103
6
27
157
89
9
