17
16
13
83
5
552
409
3
7
64
1
929
9
1307
51
57
251
166
2
3
216
48
15
2
1
11
3
190
6
15
1
25
14
4
19
1
5
170
6
6
21
1
4
2
14
1
929
28
154
15
42
10
245
1
6
24
5
21
13
1
227
11
16
1
10
5
523
80
3
7
635
6
2
11
82
17
1307
234
1
13
1
166
59
422
552
2
11
6
154
109
9
1307
247
15
12
11
4
3
1307
8
38
15
5
13
18
75
6
2
1324
79
13
33
1
15
405
1
28
1
1
14
206
35
3
5
6
20
1
11
2
25
4
8
15
320
18
879
1324
2
28
1
202
2
5
13
3
22
3
4
39
1
36
23
1
136
5
131
1
46
55
1307
23
7
131
283
3
23
2
17
3
14
165
2
1
2
6
11
1
6
552
16
38
2
251
34
1
408
1
32
223
9
13
40
13
1
8
1
4
7
131
98
14
3
6
1
3
416
3
114
55
4
434
426
26
4
10
446
35
1307
8
3
5
40
33
72
13
1
114
9
4
12
452
6
2
1
17
9
431
2
4
538
915
12
1
9
11
1
36
7
1
5
1324
19
8
406
25
1
55
8
96
18
552
1307
1
929
17
58
55
3
225
17
3
14
287
1
397
1
3
1324
1
12
29
3
72
1324
118
6
48
8
128
167
4
2
10
808
107
30
920
82
913
1
21
16
1
4
2
12
1
9
40
452
1
375
251
98
4
2
921
203
1
79
452
12
1
139
38
41
42
25
5
24
231
17
192
4
4
48
38
24
448
231
40
1
77
140
25
8
2
1324
91
16
522
5
85
929
13
10
5
254
4
12
141
2
3
2
1
36
8
155
83
3
2
3
170
266
23
3
5
15
12
1304
131
28
88
826
409
15
47
40
104
19
1
4
17
53
2
4
77
50
414
2
8
677
98
46
463
99
151
108
929
15
85
416
172
4
55
1
26
596
158
2
19
7
4
28
124
36
3
28
4
84
8
5
75
27
361
6
3
85
552
929
29
87
32
136
3
7
45
599
1324
929
531
7
108
3
55
41
110
254
16
23
6
4
1
82
6
1324
1
11
174
26
23
4
11
4
55
51
2
30
154
62
270
13
170
85
10
531
11
13
85
220
3
17
27
8
2
1
4
21
1
228
5
8
189
85
408
67
158
26
2
16
1
6
55
2
5
192
131
3
48
3
6
3
24
26
1
26
1
30
4
51
920
68
104
6
109
8
14
1
116
19
7
4
20
7
4
1
523
522
59
605
409
30
2
123
3
60
6
408
47
25
135
5
8
85
5
243
12
6
2
3
3
336
1
3
36
2
3
913
64
151
4
254
1
4
143
5
36
19
11
3
8
1
2
552
79
2
432
82
255
14
24
32
77
2
58
47
114
166
28
9
11
72
151
39
1324
75
151
40
33
12
3
4
79
104
1
8
154
5
114
3
49
61
67
229
16
37
3
2
1
4
3
48
14
2
6
552
3
216
33
19
159
7
38
2
46
15
1
91
94
245
97
108
7
929
5
523
12
9
552
2
245
107
1
42
436
3
1
77
46
1
2
14
6
3
4
223
24
437
94
114
8
251
522
9
87
1
5
3
15
4
4
21
6
3
13
4
6
6
132
8
929
91
342
229
321
4
28
6
38
26
29
80
2
150
431
4
3
10
61
8
156
14
22
131
231
355
25
18
1119
19
1307
121
40
3
929
1
921
25
152
1307
2
93
3
129
7
3
55
250
1
28
4
3
2
6
7
3
17
1
18
18
16
1
38
1
382
1
537
2
245
7
1
92
9
72
7
8
11
7
34
12
1324
79
523
635
54
80
1
154
55
2
15
3
32
116
239
48
66
1132
1
13
4
36
23
145
3
1
10
62
31
19
21
42
9
2
4
2
4
251
31
4
26
151
10
11
152
152
6
136
15
2
44
245
15
552
8
4
580
6
107
33
108
2
9
5
3
5
4
2
17
154
228
107
2
1324
90
6
3
85
136
2
107
140
19
155
21
29
1
25
1
5
7
23
552
40
2
3
5
56
104
101
55
56
2
5
218
44
2
826
3
248
75
22
80
8
19
16
4
12
1
11
447
22
9
540
3
1
164
18
397
29
1
288
1
826
4
20
55
3
20
36
34
452
375
531
39
6
3
3
123
7
1324
2
1
108
38
5
8
12
3
4
2
12
69
447
28
1324
4
7
214
6
107
37
1307
245
46
390
523
208
3
72
77
91
17
12
1
12
6
216
245
9
12
37
4
19
3
48
2
3
437
28
6
1
83
72
395
9
157
7
138
425
2
142
1
55
21
89
2
342
94
879
21
2
4
1
28
879
6
9
879
33
130
1
8
7
75
7
77
3
5
3
7
152
1324
8
1
1
15
12
20
6
7
85
6
23
89
151
8
14
523
229
229
1
24
77
44
11
548
27
4
4
4
1324
59
87
2
1
29
552
1324
387
21
380
12
336
192
25
142
5
5
2
38
48
7
47
21
229
5
4
1307
10
11
1307
1324
10
2
6
34
395
33
28
79
9
552
1
31
87
1
552
2
536
4
432
2
3
157
523
15
261
448
22
4
48
540
3
929
134
48
522
605
6
6
263
7
2
2
2
245
266
31
7
1
10
19
170
13
3
5
1
32
47
99
3
929
8
124
151
9
522
4
64
18
2
29
1324
207
4
24
60
5
824
3
36
221
40
4
145
1324
45
354
11
5
4
5
3
12
79
268
1
8
127
4
123
11
5
77
16
3
1
4
6
824
250
10
3
22
11
5
46
51
251
599
245
42
154
431
4
26
42
523
522
3
5
4
4
8
190
1
537
26
8
1
6
3
19
5
5
42
82
2
2
142
4
1
1
136
44
30
6
257
1324
151
4
1
2
1307
4
15
2
6
42
3
36
64
2
60
2
523
1
1307
83
55
2
33
8
100
137
7
6
5
27
28
387
3
552
97
4
1
285
677
574
3
11
11
107
46
17
6
6
4
3
5
150
2
143
14
1
52
9
18
528
226
13
136
4
8
3
2
9
1
2
5
34
405
6
221
920
52
1
4
9
2
51
6
21
83
5
16
6
39
548
23
19
49
37
677
431
15
35
111
47
552
3
15
20
2
80
38
54
1
219
21
9
8
4
552
166
110
17
1
922
1324
10
1
8
228
1
30
3
19
340
6
355
5
8
46
11
21
3
215
1
2
14
8
11
16
2
30
42
28
522
1307
21
84
9
1
141
26
54
12
17
64
255
15
131
108
7
1
11
19
75
8
18
142
1
5
32
19
2
229
5
202
7
57
3
51
227
7
826
229
448
3
44
3
10
228
31
285
2
406
28
3
11
254
240
3
15
14
130
46
21
91
124
7
24
5
146
1324
5
12
80
5
8
1
536
14
6
395
7
3
6
85
913
2
45
1
6
3
2
547
2
3
4
93
220
25
207
238
13
1
135
25
929
6
53
147
566
3
10
23
3
1324
540
3
4
6
79
2
3
31
15
1
21
7
5
6
28
21
3
8
18
17
27
136
13
80
3
334
4
169
1
139
14
51
23
336
2
8
79
548
2
9
4
215
448
1
5
921
5
1
11
1
11
387
1
193
677
5
20
85
1
14
1133
124
4
3
1
21
2
22
10
452
10
13
114
97
5
14
36
4
4
2
132
3
17
154
191
28
9
5
9
15
434
25
5
19
552
1
16
1
51
522
3
2
10
12
137
5
3
227
16
422
51
15
42
1
107
29
3
4
1307
84
4
5
41
245
1
84
31
12
14
5
2
75
2
18
18
552
47
922
207
552
12
408
51
523
2
1
47
5
156
50
1
6
131
7
2
107
44
85
104
2
5
11
255
1
44
10
455
135
446
214
11
4
552
3
27
1
231
3
9
4
227
13
431
436
832
1324
795
921
49
48
1
1324
135
6
48
151
145
45
164
5
35
26
6
423
85
85
14
11
5
26
139
6
2
436
27
261
552
126
4
1307
24
287
30
4
10
5
5
82
6
1307
34
3
6
38
1
21
91
2
4
552
421
40
33
152
22
47
1307
552
68
91
175
540
1
44
2
1
3
3
22
13
4
579
8
1
1
552
8
9
39
132
6
7
87
675
1132
131
1
4
416
2
44
579
2
30
72
14
2
9
523
10
2
88
16
40
10
2
929
18
5
12
1
143
11
548
16
929
2
29
19
5
9
3
390
36
18
51
75
229
48
15
2
19
826
4
11
4
54
10
1
155
1
4
46
1
15
7
20
245
107
3
24
6
3
36
2
5
116
18
1307
51
458
420
8
28
9
131
605
2
4
94
929
8
4
5
392
26
10
5
72
21
14
38
222
16
5
87
29
387
8
929
10
522
21
13
108
5
4
225
11
91
104
2
51
28
245
215
152
19
287
6
6
18
266
8
107
46
16
1
9
1
83
77
1307
1
32
58
45
51
21
18
48
3
160
15
4
15
245
127
30
12
13
26
12
3
85
2
56
523
23
3
3
10
1307
192
8
4
82
9
2
920
1
34
2
566
342
929
19
4
3
203
3
124
1
5
10
87
19
920
1
8
1
145
5
46
34
8
75
26
5
8
1
4
189
531
3
1
446
3
6
5
1307
18
218
20
14
17
5
929
13
96
14
1
77
1324
12
23
7
8
8
3
1307
18
5
49
1
5
929
879
46
219
2
3
6
1324
51
6
14
36
5
3
261
14
5
283
1
6
12
131
2
5
3
12
254
1
3
13
174
10
1
24
2
9
82
131
1
2
7
3
4
23
64
15
4
21
921
6
929
7
254
135
44
422
2
14
40
37
1
4
390
50
1
452
1
26
29
1
26
18
463
48
387
1
9
6
923
3
16
6
8
13
3
7
10
3
228
2
46
55
552
64
4
2
2
2
5
124
2
251
21
53
21
31
6
46
104
16
4
434
36
9
7
390
226
2
36
395
3
61
917
7
11
130
114
215
14
1
26
1307
5
19
12
93
7
15
214
5
15
1
1
19
5
109
1
227
2
3
5
4
6
432
2
4
19
11
4
1324
2
1
2
6
3
6
26
245
1
2
917
114
2
20
5
12
2
677
4
1
9
6
51
1324
597
79
38
7
416
452
7
1
114
26
2
1324
229
164
5
119
36
1307
15
151
113
25
425
920
921
17
18
5
1307
3
82
5
32
251
4
2
12
824
422
80
1307
92
220
104
55
3
5
157
425
1
2
24
27
1
929
10
3
32
552
531
51
11
17
4
261
3
6
2
42
1324
16
14
635
6
6
268
280
1307
113
251
143
3
51
8
2
10
3
215
8
427
1324
1
6
5
13
5
26
245
395
552
12
131
21
3
5
116
8
56
11
20
5
22
5
216
4
6
6
17
63
515
6
4
920
98
3
9
5
150
552
390
32
41
8
920
245
5
156
1133
11
1
82
27
26
15
3
540
33
85
46
21
25
7
11
1307
1
36
154
522
108
7
3
21
17
15
12
44
25
1324
13
635
605
89
59
929
1307
1
2
3
191
10
11
132
47
4
3
1
5
42
5
11
16
46
6
38
12
552
9
2
5
635
4
4
21
72
137
6
26
72
2
218
2
80
54
19
9
28
19
140
3
234
147
227
20
15
7
254
2
12
523
8
10
929
16
929
1
6
67
77
3
18
25
448
107
1
2
40
537
7
1324
10
2
251
16
473
24
82
605
34
6
6
8
12
7
10
1
276
26
11
19
28
2
16
552
8
2
552
3
1
142
7
1
40
9
6
254
5
2
60
4
3
579
15
547
12
548
85
15
2
1133
47
141
41
254
2
80
177
1307
22
9
11
431
155
83
243
6
5
1
342
1
2
30
15
879
3
227
39
1
126
84
1
28
287
151
3
1
3
2
130
32
4
27
1
6
6
9
18
2
29
1
5
1
523
2
12
56
6
447
38
3
245
83
127
8
9
425
15
9
144
4
15
23
28
1324
26
10
127
1
929
7
14
139
75
18
59
2
107
3
151
55
143
1
24
915
114
66
566
14
6
3
5
14
4
29
552
5
36
18
132
96
145
3
23
29
5
5
124
1133
55
41
48
13
4
6
245
395
21
15
6
12
1
16
124
1
4
127
140
154
85
1
600
552
531
17
39
418
13
3
15
11
1
8
247
10
68
5
921
78
1
11
82
207
540
218
635
3
7
7
13
9
12
211
431
7
5
342
552
10
33
44
5
124
16
231
50
21
427
914
61
276
19
14
7
1
145
13
9
5
1
409
6
1
28
87
1
2
13
1
8
2
94
34
579
47
56
42
11
922
2
10
2
11
225
223
108
8
321
10
15
17
4
80
34
26
42
95
18
56
1
29
10
5
44
1
211
245
340
17
26
3
20
552
150
9
245
5
13
10
3
2
87
11
251
14
5
538
21
11
231
4
21
494
1
172
68
207
11
1307
15
21
10
66
1
7
4
104
4
3
39
4
6
66
4
5
18
913
242
101
25
228
3
929
3
7
215
267
231
6
13
1
131
19
1
4
448
132
48
53
1
6
19
156
26
1307
62
97
2
39
38
17
1
228
1307
1
2
131
151
51
2
68
15
5
15
8
3
9
15
145
8
531
1307
1
6
419
2
83
84
85
30
2
53
4
452
4
6
16
1307
23
47
416
131
5
84
42
1324
12
41
3
2
16
47
61
26
23
48
12
4
245
38
10
3
17
220
3
126
79
3
7
3
415
5
7
91
11
27
143
28
55
13
8
434
12
28
7
4
52
9
1307
45
431
12
220
15
4
3
519
19
15
24
406
62
4
130
3
35
255
4
92
3
66
13
72
6
552
11
114
58
1307
26
141
23
552
20
1
1
379
2
7
929
83
1
3
2
6
3
2
2
3
10
2
21
395
154
6
47
150
53
189
5
34
254
44
1
1
46
224
14
91
145
99
1307
3
48
254
9
15
131
605
94
216
1
231
202
96
11
431
5
8
98
10
49
3
42
3
60
552
104
4
15
11
47
51
2
3
10
2
33
109
29
4
2
1
416
6
7
18
54
14
552
1307
166
9
252
5
4
15
20
3
80
6
2
4
174
5
59
112
1307
7
1
416
1
48
152
46
85
531
15
152
13
2
5
19
920
33
208
1307
30
208
229
83
4
134
99
8
9
9
17
14
6
51
1
10
115
11
395
6
26
23
375
16
228
1307
31
125
136
9
136
18
46
19
240
1
2
250
2
566
452
446
3
6
47
27
15
11
522
392
26
3
514
140
145
38
82
4
30
9
1307
11
36
53
247
15
29
8
13
44
251
422
21
26
25
18
131
10
416
231
36
85
16
285
26
106
51
44
1
2
548
3
552
268
1
566
455
7
254
3
7
15
35
94
8
26
218
920
2
3
2
2
3
1
51
12
124
13
15
5
58
6
110
3
107
47
17
1
10
85
44
2
3
5
8
4
7
7
48
409
4
115
402
8
922
10
13
19
5
151
119
6
252
231
7
131
124
17
6
13
6
16
38
127
5
9
5
11
10
31
22
226
223
132
390
8
387
28
4
416
528
126
85
2
392
525
23
6
254
2
13
4
15
30
5
4
85
2
114
635
151
140
8
1
157
3
5
379
12
22
28
157
64
552
28
10
11
1
1307
89
14
3
234
108
832
5
3
18
32
58
48
4
3
1
107
220
523
207
1
19
21
46
1324
42
16
32
31
1324
17
6
2
1
15
14
552
2
26
9
409
2
62
6
1307
1
143
7
929
3
6
4
2
5
29
51
61
2
1
214
1
40
1
1
38
151
1
1
13
321
28
5
15
2
12
17
21
40
552
24
6
929
30
1
2
920
1
4
1
85
80
6
1
3
2
431
5
2
6
2
227
15
1324
47
28
32
124
48
12
597
15
85
1
231
5
1
11
155
26
2
434
4
21
7
7
929
18
10
170
80
6
12
12
515
3
245
1304
2
66
8
3
86
245
223
1
124
52
2
426
3
53
91
15
61
3
9
5
9
2
28
245
62
3
229
28
11
3
116
452
11
1
14
6
28
11
145
280
8
473
4
6
6
3
157
46
5
2
30
85
26
2
59
85
90
2
60
107
24
17
131
125
34
26
46
28
7
10
8
9
16
35
6
411
52
539
5
18
44
9
40
112
4
6
16
3
80
10
3
44
8
32
15
52
245
677
4
16
1307
1
8
82
165
135
4
1
547
157
51
4
254
1324
13
3
5
67
171
1307
536
2
2
15
151
11
104
22
21
523
124
280
6
84
6
4
2
44
90
149
11
143
5
1
6
107
77
429
10
6
62
2
104
1
59
392
9
2
5
59
67
157
12
30
19
921
9
62
552
3
51
88
2
2
27
85
48
1307
20
60
13
11
6
2
21
546
3
13
6
3
41
34
23
826
3
4
409
2
5
11
540
7
4
245
220
5
1
6
142
152
14
5
428
3
42
387
4
15
104
16
250
50
4
51
4
1307
17
10
220
28
68
26
8
2
60
1
922
7
135
6
72
4
5
14
422
1324
929
10
28
18
1
226
23
10
2
2
9
1307
552
9
2
2
85
9
3
7
4
83
38
15
4
231
1
6
32
28
566
85
22
8
8
5
14
7
2
38
15
91
5
72
12
21
7
6
45
6
203
28
257
39
1307
229
85
8
245
515
552
6
44
31
8
4
6
7
430
130
80
64
245
8
91
92
157
59
7
254
3
11
18
416
33
10
19
1
2
92
9
13
6
3
22
1
266
10
30
9
1324
56
23
1
6
26
6
231
19
548
266
427
15
4
85
1324
2
3
38
879
2
228
7
11
8
4
387
1
4
80
5
38
34
2
15
1
387
19
2
7
17
41
1
248
2
1
1
85
15
321
62
11
10
12
4
7
21
13
30
2
3
921
531
5
20
61
3
4
207
42
523
245
6
3
3
18
12
3
4
11
4
5
4
19
1
7
38
3
1
47
143
2
152
6
92
522
1
3
4
11
98
522
45
26
1
18
76
8
9
285
1307
85
5
552
10
1
11
12
1
80
109
9
4
151
27
536
3
10
3
35
427
548
10
41
229
36
231
3
5
92
48
38
7
16
46
427
14
89
17
6
24
4
79
231
3
22
552
8
422
7
1
85
35
12
36
1
10
6
218
251
157
524
9
9
10
127
157
336
124
524
53
2
14
4
8
16
596
5
1
3
58
9
254
392
18
552
9
89
1304
156
552
6
287
10
26
24
4
522
8
12
605
25
920
1307
12
15
3
2
6
921
85
34
2
10
96
8
1307
203
1
54
3
13
6
3
22
24
9
3
77
25
53
27
9
27
151
3
3
80
77
10
14
548
29
3
2
29
390
30
30
548
86
3
6
17
58
6
6
36
83
552
80
77
16
6
379
9
544
2
29
13
11
15
124
7
9
30
4
86
3
808
7
25
23
4
52
6
34
12
10
5
228
2
8
635
143
50
1
93
13
13
202
32
1
2
1
566
203
21
3
1324
140
150
34
3
72
15
13
1
224
4
151
432
921
4
20
34
1
44
79
48
96
38
3
2
929
6
109
3
211
6
8
8
17
7
19
6
1
13
4
22
106
14
19
13
140
5
11
229
523
16
1307
118
1
23
5
255
151
1
143
4
1
245
261
12
316
552
31
4
2
150
431
334
4
4
2
20
85
5
151
4
56
124
19
519
193
1324
207
2
13
220
107
826
17
1
4
10
24
11
36
28
16
4
13
13
409
5
51
9
40
11
32
26
1
3
14
245
11
10
9
54
28
4
2
8
409
1
3
38
60
1307
1307
93
4
5
539
64
77
16
79
21
16
29
119
4
17
1324
51
23
596
605
20
68
58
17
22
5
18
16
516
9
19
3
4
9
254
28
46
3
2
1
84
2
14
11
4
8
2
5
78
6
1
10
31
134
437
34
21
1324
425
1
6
1
2
9
23
5
1
11
1
2
1324
3
2
548
13
1
6
23
7
15
537
16
12
31
254
16
321
3
66
452
915
2
19
48
3
4
2
548
206
13
466
12
213
48
40
6
879
546
1
1
18
36
10
91
47
826
11
10
9
10
547
230
10
395
82
76
1
254
5
22
124
11
11
53
202
4
6
4
6
9
59
151
34
157
62
15
36
48
2
3
37
5
4
13
59
321
145
150
2
216
2
1
40
16
1
9
10
53
36
2
36
35
17
9
40
89
2
82
531
1324
50
1
580
2
11
46
5
72
1
6
12
57
15
1307
3
16
17
77
2
21
59
85
21
128
1
26
14
4
107
1307
48
419
21
1
436
4
1
27
2
130
6
15
2
85
1307
552
6
51
552
27
3
7
5
14
5
531
21
5
28
7
1
85
46
1
4
6
929
3
155
47
150
80
8
2
536
132
1304
55
547
14
12
2
2
6
245
1307
10
7
8
2
33
6
192
677
15
375
547
15
10
5
26
7
4
80
552
17
25
14
89
8
2
2
5
929
2
3
2
6
2
2
1
30
414
15
1
3
10
35
41
5
929
138
5
923
3
19
113
245
126
13
48
4
34
452
3
193
227
427
18
14
5
12
28
29
3
4
26
12
14
4
540
19
14
13
203
8
8
96
85
96
5
85
48
19
2
146
5
125
596
538
166
21
1
52
2
3
99
436
124
231
7
22
1324
48
431
538
1307
3
34
21
53
208
7
1
1
15
3
12
3
15
1
35
8
145
826
2
7
3
31
126
3
2
56
1
14
5
85
7
230
1
48
531
1324
19
23
6
552
16
17
4
208
44
879
447
1
2
7
596
14
10
2
7
19
1
22
2
79
36
21
12
91
6
1307
42
2
6
75
434
1
151
7
13
164
3
2
12
1307
131
531
3
36
5
85
5
920
5
4
447
276
522
51
62
8
2
9
406
540
605
15
805
67
3
13
44
5
514
83
1
127
520
36
9
929
85
4
23
1
929
3
46
4
13
46
1
94
47
245
52
5
68
552
1324
18
5
1
10
104
403
11
1
6
1
33
920
24
4
3
6
11
227
58
2
4
824
46
89
2
46
1
422
30
11
151
3
5
15
6
547
1
6
7
1
2
2
31
5
17
38
189
4
10
6
3
7
95
2
3
28
75
154
3
1
1
3
8
131
56
1307
552
419
3
85
1
2
929
4
421
13
3
2
3
3
5
921
15
1
363
7
3
9
9
10
20
53
115
96
7
3
1
13
251
19
80
8
920
3
69
5
26
21
2
414
13
1307
601
1
26
1
1307
824
4
4
7
7
22
419
1
1324
3
51
225
1
403
156
48
1
7
60
11
2
11
263
5
18
23
3
166
31
5
1
17
8
921
1
131
28
8
151
16
5
27
9
4
6
5
9
104
216
5
1
98
138
85
95
72
3
4
1
1
92
342
44
1
15
40
25
85
1
1
2
7
7
2
434
1
27
3
921
2
1
2
2
27
5
1324
8
6
36
1
53
124
68
2
6
7
397
11
11
3
156
6
1
11
6
3
6
228
13
8
321
3
455
12
84
11
10
5
13
2
231
3
1
5
2
1
1
38
436
1
13
131
8
51
2
26
929
23
8
5
3
221
3
207
429
166
1
5
245
677
224
922
552
1307
32
17
268
136
231
55
21
3
44
19
30
202
85
5
231
99
3
3
59
7
11
16
23
2
4
523
13
127
452
79
55
1
3
3
193
35
9
26
536
99
1
3
35
921
19
224
38
565
9
1307
552
4
12
3
3
1133
6
6
23
106
59
16
36
48
14
15
929
14
52
1307
23
280
85
44
23
154
60
27
12
6
15
8
7
17
6
5
1
223
18
832
126
2
1324
6
2
93
5
166
597
7
57
3
21
28
2
5
18
106
13
3
4
3
523
11
23
832
64
5
1307
36
6
11
25
29
4
2
51
531
55
1
79
55
7
5
552
36
152
4
12
14
2
51
215
929
915
8
14
3
91
455
124
42
446
387
80
55
4
44
80
48
437
3
419
145
11
62
285
4
8
15
1
254
3
14
452
154
2
18
1
5
60
132
31
85
9
18
4
19
4
1
1
2
2
229
28
50
1307
452
41
16
16
6
574
96
1
126
227
29
28
8
140
921
7
108
1324
2
4
4
11
6
5
3
2
21
2
1
1
224
929
193
6
8
452
11
3
405
635
1
523
33
82
35
75
26
26
9
5
2
1
12
12
15
1307
157
3
61
78
21
1
395
8
22
6
51
1
10
9
2
1
6
538
62
11
8
48
8
3
547
2
1
2
3
89
18
1324
27
2
21
5
28
27
72
261
3
2
400
6
57
4
11
416
28
227
287
17
13
7
2
8
5
51
2
131
8
21
67
18
7
85
124
427
36
2
29
4
19
1
83
222
1
228
245
431
76
24
15
605
85
3
19
920
3
15
22
32
1307
145
2
1
929
254
3
16
2
124
452
48
32
208
18
16
280
9
60
923
11
22
17
38
375
824
229
107
76
58
6
24
4
2
321
3
130
49
107
146
15
38
68
27
1
254
519
49
60
2
27
21
23
824
91
1
109
403
1
96
1
427
12
2
1307
5
54
23
2
3
6
3
448
10
929
44
475
363
17
41
4
2
4
92
46
80
150
104
40
12
17
80
2
2
16
151
215
548
1
8
2
9
5
3
48
55
51
16
452
39
67
30
2
597
10
1
832
375
7
11
40
11
5
48
429
27
4
140
143
7
175
4
19
37
1
80
552
135
44
26
824
53
6
16
600
1307
421
2
52
21
213
448
15
2
28
3
287
263
3
6
2
920
89
2
104
55
108
6
2
22
548
200
2
32
7
18
26
1307
19
53
10
36
4
80
32
4
3
10
95
920
152
635
137
26
48
2
80
18
2
21
929
16
6
95
251
4
27
6
10
6
5
61
2
3
23
519
17
56
929
83
3
113
5
17
285
409
82
21
68
1
32
16
19
23
3
146
28
145
3
548
10
114
15
19
142
93
77
19
15
2
142
1
16
6
5
342
10
36
1
17
6
50
547
11
921
64
397
595
36
280
58
4
1324
19
9
524
3
406
99
1307
4
280
340
220
446
552
2
9
5
5
7
3
23
21
3
428
124
23
11
1
59
14
107
18
1
22
5
89
28
26
9
515
920
41
19
19
19
4
1307
1132
26
1
4
13
1
6
525
39
11
3
52
229
4
76
51
1
11
21
12
2
60
2
107
3
111
1324
15
2
107
10
26
10
2
60
34
566
22
8
156
2
14
6
47
51
1
1
30
32
46
17
9
422
17
108
7
23
1324
23
11
36
7
15
124
19
172
1
47
1324
24
6
2
18
11
92
7
35
9
15
7
75
1
1307
40
3
4
8
17
13
36
1
2
2
60
85
1324
6
53
5
2
42
10
25
921
1
14
18
548
1
10
15
85
9
2
16
1
82
44
1324
920
2
216
14
130
1
2
409
154
1
14
3
1
4
35
13
15
1
13
7
929
62
2
11
36
48
5
40
80
52
28
3
23
2
79
143
3
17
3
11
6
12
4
27
4
18
38
11
1
15
151
36
150
254
128
431
1
7
12
1
263
260
14
920
2
432
4
4
41
1307
1
597
3
826
10
2
9
3
9
154
251
601
9
34
94
44
2
574
1
39
1
131
22
110
38
245
2
1
10
8
929
929
5
76
72
1
13
86
124
36
395
268
1
6
38
5
3
342
321
2
390
25
1
62
452
9
155
1
52
4
107
10
38
146
29
1304
1
23
24
920
4
316
2
254
17
245
28
108
605
1
18
7
7
17
8
920
99
10
436
7
13
28
5
12
4
3
95
379
1
11
123
4
35
3
2
6
3
7
21
15
5
85
51
552
15
17
145
26
425
16
1
3
538
1307
77
20
21
436
36
1
475
4
6
89
3
124
33
2
6
4
1
75
3
552
3
46
9
22
6
2
7
566
26
92
5
59
276
6
3
1
552
2
7
6
3
13
15
59
929
24
51
14
3
1324
2
4
2
5
10
245
1
7
44
6
24
104
5
519
16
4
51
51
8
7
1
11
5
675
13
23
5
10
4
6
10
229
2
245
8
14
13
8
340
5
3
4
4
15
1
22
79
2
50
6
13
13
48
677
921
38
1
2
3
48
44
552
11
16
11
136
42
808
1307
146
15
12
1
191
3
7
16
58
51
425
30
114
82
12
1
32
428
9
107
3
48
5
68
84
5
2
3
17
1
27
929
1307
86
1307
1324
2
79
3
228
16
1
1
10
14
6
2
2
55
9
395
6
2
518
428
141
135
131
1
114
155
61
539
251
538
251
29
1
13
84
11
9
48
5
9
1307
5
48
794
285
228
60
1
48
285
45
3
10
7
146
7
27
3
104
145
85
21
3
425
189
2
35
1304
5
4
6
19
54
25
27
3
1
51
8
62
805
552
452
7
575
136
28
164
1324
110
84
523
1
1307
1
19
261
10
3
54
1
172
35
77
6
115
123
119
7
35
140
6
929
4
228
4
21
1
4
40
1324
13
7
403
2
429
316
1307
127
4
4
4
2
48
245
38
202
35
409
6
4
280
150
3
4
96
342
280
9
35
523
1
4
8
1
245
50
4
1324
3
2
62
171
107
4
4
54
1
2
18
6
51
12
60
2
8
20
62
1324
30
13
6
1
7
1
55
3
15
4
522
540
1307
3
3
83
14
18
31
1324
106
86
374
14
19
48
94
20
17
140
1
30
16
14
2
229
6
2
23
80
1
3
9
4
431
32
3
1307
5
139
13
3
9
1
15
2
6
2
24
2
25
2
35
80
15
21
38
287
5
2
33
6
12
3
11
7
1
33
3
41
72
10
552
24
12
18
1307
929
10
363
2
6
15
1
68
4
1
3
4
1307
6
28
879
19
141
422
89
5
16
38
9
2
6
2
224
5
1
11
403
91
1
6
23
24
22
12
13
12
1307
254
16
2
215
44
14
6
1
1
28
22
3
38
283
8
921
548
145
93
216
2
54
16
826
33
4
42
4
1
536
1
77
21
1
3
266
2
3
26
824
547
1
64
8
824
26
4
2
36
80
9
19
6
1
6
189
35
157
92
15
1
8
409
11
2
261
16
2
6
46
51
1
5
342
1
27
475
1324
18
221
30
3
4
38
3
1307
4
254
47
80
29
2
47
35
3
16
98
97
3
24
12
4
8
37
1324
46
140
109
3
41
3
38
117
66
1
18
3
57
84
3
446
28
21
1307
1307
2
77
231
15
42
6
6
39
1324
16
7
675
254
3
3
109
436
14
18
574
87
36
9
151
3
1
27
51
41
8
24
7
128
63
6
13
227
34
3
1
1
192
3
41
3
12
55
8
49
6
1324
1133
340
12
1
6
87
437
390
37
52
635
19
257
1
7
30
14
16
2
1
2
33
929
98
3
2
154
6
46
26
538
16
2
5
5
452
4
1
49
1
3
1
13
6
5
27
34
929
5
3
8
1
58
422
12
42
13
10
9
11
44
4
151
22
251
268
23
1
6
33
46
574
3
4
85
10
409
2
1
151
5
28
15
9
245
12
1
10
207
28
1
14
6
1
26
16
25
3
2
255
3
23
135
40
1
17
4
19
67
3
29
251
1
228
29
400
12
220
48
60
28
13
832
434
3
42
20
145
30
35
3
7
14
17
21
552
46
280
283
1
134
3
3
2
28
33
227
7
5
19
4
16
23
218
436
245
4
53
228
342
245
13
2
321
2
2
10
152
11
929
75
19
826
929
552
245
340
192
2
9
132
3
91
2
5
3
21
151
3
34
154
115
436
56
79
3
2
34
18
5
9
287
6
24
114
7
2
19
93
145
475
9
1
49
4
2
14
7
2
1
826
19
1
1324
7
317
151
11
3
29
25
3
531
4
91
85
215
1324
1
1324
26
165
579
2
2
5
11
19
2
4
21
140
15
1
8
15
33
432
36
1
22
1
15
11
531
51
62
1307
2
8
7
3
1
1
11
23
36
1133
1307
32
37
136
140
263
110
18
3
251
10
5
922
21
38
203
6
5
805
17
22
400
14
56
416
227
1
929
4
544
4
283
1
6
85
2
6
10
26
35
14
6
28
7
62
60
3
3
1
8
2
3
566
38
1
226
5
4
51
9
10
3
1307
33
4
5
93
409
7
548
1
430
74
28
192
23
1
3
51
552
1
10
36
221
3
85
56
21
4
42
8
17
15
140
9
12
2
929
136
172
239
254
4
9
31
213
132
110
18
4
4
25
3
26
53
18
131
3
6
215
6
6
24
4
254
14
255
33
8
60
8
288
4
7
104
27
1
190
1
4
22
87
4
42
4
923
1
2
55
4
4
1307
826
40
17
5
436
1307
519
6
2
140
12
1
152
3
552
539
16
31
39
15
3
10
3
1304
22
1307
432
77
287
44
1307
3
7
3
522
3
1
11
18
28
929
5
85
434
5
4
8
342
5
2
3
23
31
1
580
1
32
321
90
62
4
1
14
17
361
8
6
567
1307
431
9
12
1307
2
14
16
9
5
455
1
107
7
921
458
254
5
6
4
12
40
434
4
1
89
159
11
10
17
5
42
80
3
8
25
5
96
1
3
11
920
1324
579
10
55
14
15
18
38
25
1307
3
156
4
2
38
2
1
21
3
5
1
17
3
44
34
27
57
135
80
79
548
5
124
4
23
38
224
10
15
18
10
30
6
10
12
1
23
4
8
95
3
228
1
27
321
2
1324
2
28
229
216
4
6
152
7
82
15
46
2
2
1
13
13
26
26
60
2
30
1324
38
3
1
4
18
1
12
77
12
11
4
26
929
1
29
566
929
94
157
7
452
6
38
20
596
140
254
4
125
548
5
522
2
15
436
1
1
45
4
11
123
260
12
10
915
1
30
3
9
143
20
19
18
285
321
14
150
31
254
416
131
10
60
14
228
1324
1
60
13
635
4
4
28
395
11
1307
5
2
27
254
87
56
46
59
395
540
1
28
35
1
4
1
13
921
2
12
221
24
929
51
7
6
3
3
5
82
4
124
19
2
30
14
2
19
4
114
10
7
5
8
1
2
18
6
4
7
1
16
1
15
8
2
84
15
447
3
49
11
51
1307
3
1
147
189
10
522
18
29
1
3
85
10
15
13
3
1
46
16
11
285
44
13
3
7
36
32
18
3
2
1324
15
2
1
7
6
22
220
4
54
6
6
565
126
1
9
28
2
219
19
146
80
4
1307
14
16
4
27
12
21
24
6
164
434
6
1
1307
605
1
166
416
10
152
2
1307
6
3
80
228
2
5
90
7
538
104
3
157
1
7
96
446
142
5
8
217
597
9
40
145
2
15
137
2
2
47
19
110
4
47
80
39
60
5
11
26
2
4
929
276
508
8
6
18
143
11
1132
135
33
98
1
1
537
879
3
6
62
4
31
3
1
47
5
8
23
1
397
5
2
131
29
10
20
229
1307
826
1307
635
1
10
10
104
8
11
158
531
434
77
13
16
91
9
2
3
2
11
552
15
4
3
2
54
21
1
4
2
4
26
3
523
675
32
228
5
280
2
6
1
7
1
99
4
2
15
31
2
1
136
229
110
23
19
2
4
18
215
248
8
2
3
87
1
6
12
393
24
5
15
59
85
6
9
540
89
826
42
1
51
23
3
4
231
5
17
929
36
66
13
8
26
35
1
156
596
92
3
16
33
1
6
51
96
1
26
8
75
1
448
3
53
1
4
41
9
29
250
5
142
50
920
1307
156
27
421
127
452
34
29
3
4
1
1
2
7
16
19
1
390
77
207
11
48
21
2
261
71
6
21
155
42
3
64
1
15
254
22
12
2
12
2
5
32
13
4
42
6
416
2
4
11
128
7
4
1
84
25
3
61
18
38
36
257
808
1307
77
29
245
12
207
1
8
152
5
5
11
5
131
596
1
227
7
34
1307
7
247
5
99
202
67
63
9
9
375
2
3
8
921
808
316
3
2
12
1324
1
53
30
5
220
154
6
12
3
28
11
2
47
14
49
89
2
33
39
42
16
2
5
10
923
1
9
1324
143
4
2
21
124
114
140
26
8
1
4
1
229
13
635
1
5
10
3
94
7
137
12
1
106
123
202
11
47
268
6
3
2
32
19
141
379
38
409
94
3
4
929
29
36
2
124
1
3
7
255
3
51
1
60
9
82
8
1
9
1
1
18
4
216
80
6
2
1324
135
62
25
3
1
1
1
1
12
12
60
17
6
523
4
2
28
2
95
41
342
216
72
31
538
1307
36
522
40
84
10
91
11
3
4
3
1
261
8
60
1
9
547
4
18
2
8
1307
9
1
83
17
28
5
26
16
2
189
245
23
35
540
7
437
9
44
89
106
9
64
22
19
1
11
140
15
5
19
123
8
61
6
96
515
6
1324
124
6
2
26
84
540
1
9
72
245
2
409
32
12
1
4
131
220
9
9
5
1132
4
7
2
1
1
3
4
920
114
131
1
143
9
19
3
4
4
48
340
98
2
130
285
23
11
16
4
27
6
3
1
111
525
317
6
19
2
879
13
10
6
552
5
26
7
12
3
111
80
13
82
3
2
227
3
5
215
6
27
15
1307
2
1
431
84
174
9
53
72
432
2
4
14
24
254
1307
287
12
832
21
1307
85
62
1
1307
547
6
9
16
4
15
54
8
150
6
8
425
4
1307
19
6
9
35
8
1
336
548
422
3
6
5
10
23
14
6
18
7
3
1
219
24
1
25
9
12
48
7
47
1
62
37
6
6
2
5
27
929
1307
26
929
2
635
21
1
4
6
434
7
3
1
447
2
52
85
3
5
4
879
82
137
260
2
89
522
6
48
26
142
66
57
10
6
3
3
5
32
228
13
1
156
15
2
929
192
62
26
566
11
192
33
2
1
27
52
142
3
85
1324
12
3
597
10
16
29
11
138
104
920
42
525
85
35
34
191
3
17
10
10
80
9
6
7
540
12
447
1
1307
416
9
107
5
4
31
2
1
11
2
12
121
3
77
5
4
30
2
6
540
1307
3
124
1
596
51
77
929
5
82
1324
5
221
12
18
3
3
531
12
3
25
6
434
4
7
13
921
5
83
192
13
1324
7
3
48
48
1
2
544
151
2
72
1133
929
12
85
240
107
12
48
547
2
38
929
3
2
8
552
436
17
21
4
4
15
48
566
6
3
920
3
4
251
47
18
40
14
5
3
3
1
390
6
13
4
51
3
17
1
132
13
5
84
5
4
2
143
4
463
8
929
4
321
36
11
1
15
805
1
6
552
3
2
10
89
231
6
46
2
164
3
40
5
16
40
51
552
11
552
387
1324
17
929
136
9
25
635
9
8
9
136
12
538
15
10
41
9
130
28
14
12
1324
21
3
53
15
2
1
2
19
920
1
13
547
13
55
3
2
552
5
6
3
23
4
96
434
929
5
8
21
231
20
13
48
19
2
83
2
20
1
32
5
96
9
1
251
342
416
79
1
26
8
36
151
114
23
154
18
19
25
2
86
7
18
18
8
22
5
1
1307
17
68
29
24
19
431
13
132
14
1
7
11
2
4
915
90
6
80
17
20
5
826
14
11
130
17
2
536
60
26
2
48
1
1324
14
452
31
15
4
4
31
522
431
79
26
28
35
174
4
33
3
17
3
166
17
2
58
1
92
60
3
552
920
245
48
54
14
12
107
14
9
26
4
921
52
15
11
826
254
41
38
929
28
35
17
285
4
151
90
538
547
28
6
1
10
59
3
26
7
9
2
6
146
4
1
547
7
287
16
4
24
48
30
2
3
207
1
4
58
16
13
86
808
5
59
4
15
1
134
99
3
192
7
1
32
3
15
10
1
3
3
805
12
2
10
280
10
260
2
1
3
1
216
2
207
2
4
23
20
929
1
131
1
12
68
544
3
36
48
91
8
12
175
3
3
21
87
5
425
48
4
62
46
5
5
14
5
15
28
13
1
23
190
6
15
920
3
4
1
12
4
34
34
5
4
6
51
41
51
132
4
228
22
84
1
192
78
3
5
6
523
677
1
3
921
16
1
1324
207
16
14
251
922
1
7
85
44
254
79
19
3
7
15
7
58
32
10
276
2
11
47
1
47
285
10
523
11
152
156
20
14
826
27
6
13
522
1
38
422
60
8
416
89
57
1
2
189
126
10
1307
206
63
35
8
13
3
82
85
16
4
511
143
7
1
1
1
3
9
3
7
12
2
225
2
17
6
1
39
5
18
66
13
37
51
231
32
1
11
46
387
40
4
420
522
92
5
1
11
26
39
879
11
26
9
342
24
84
8
317
82
245
46
22
929
540
62
5
4
13
19
6
231
24
5
10
523
40
37
166
548
3
55
452
56
1307
5
5
3
11
3
67
6
363
14
119
24
7
1
48
4
525
1
1
147
16
51
6
25
83
202
2
1
80
8
18
2
28
5
3
11
2
227
229
46
16
18
547
69
605
21
317
2
92
75
4
30
2
921
218
245
422
231
1
9
93
2
96
68
19
3
62
17
10
15
142
46
190
72
3
29
19
922
4
3
1
2
824
20
46
16
2
5
92
7
207
387
929
76
14
66
1
131
12
920
287
1
2
3
5
174
6
1324
2
11
14
44
7
8
21
1307
1
9
15
3
9
77
3
23
42
12
157
111
3
56
437
26
98
879
23
94
77
19
3
1
40
3
18
4
58
36
215
10
1
3
4
1307
21
1
6
1
2
387
1
10
8
1
10
437
14
11
231
5
13
8
5
21
7
23
29
4
4
5
72
1
1
80
12
26
552
10
1
15
1
4
15
79
425
152
2
10
27
10
28
147
12
82
9
1307
31
1
11
44
87
48
5
4
321
1
36
38
929
150
34
75
89
14
921
3
32
56
30
5
28
51
20
48
1
11
1
16
54
58
2
3
18
336
27
4
1
19
3
2
83
1
6
19
1
33
9
21
547
5
2
46
51
15
91
11
597
403
61
3
4
287
1
53
151
4
19
77
126
20
1
128
17
2
552
1
19
14
6
929
6
9
929
4
1
54
203
1307
21
38
4
12
21
51
5
7
2
156
55
929
2
3
10
10
126
43
5
929
6
107
41
75
5
5
2
452
434
36
1324
4
387
10
3
72
21
60
24
224
53
50
47
7
20
10
13
57
1324
6
82
38
515
3
2
4
2
3
48
675
1
2
18
34
124
27
1
9
5
1
3
154
10
21
2
8
3
6
96
10
2
7
36
15
123
677
80
3
5
3
140
3
12
8
62
26
7
547
1307
23
1
3
99
15
124
21
26
8
15
13
21
404
96
3
929
3
1
2
423
4
13
552
8
1
579
56
427
2
104
30
1
452
9
567
11
11
15
3
7
1
4
9
2
10
2
139
23
91
48
133
422
157
11
6
7
6
11
10
7
3
10
24
48
390
2
77
1
4
23
4
429
229
9
1
4
10
2
1
10
3
15
26
2
4
227
2
2
23
13
4
1
7
40
114
1
1324
59
15
463
1
552
2
565
23
10
47
23
8
13
6
596
6
579
213
5
536
38
31
6
920
1
5
5
9
7
28
30
540
146
5
3
177
20
3
8
6
11
321
6
6
145
7
921
2
72
12
387
14
35
1
4
48
227
475
27
421
2
2
35
3
18
8
52
605
552
44
31
1307
23
38
9
9
2
280
6
574
2
3
18
63
226
8
4
152
1
15
145
91
6
8
39
86
9
13
538
41
3
523
68
16
548
1
16
8
1
26
151
48
3
20
1
2
132
3
12
9
111
44
12
9
227
38
6
6
16
251
104
12
17
231
82
537
8
59
19
4
539
226
8
34
15
1
3
34
75
4
1324
4
93
75
16
10
552
4
40
531
48
7
26
2
522
5
58
3
32
24
8
33
439
89
5
2
531
434
28
788
35
3
416
38
3
99
808
921
82
9
929
346
140
280
21
13
136
1
409
34
72
4
2
3
2
538
30
387
3
2
6
14
20
89
59
26
10
47
128
422
2
2
41
7
99
2
2
915
6
1
3
4
794
3
2
452
3
2
1
174
114
92
6
26
226
5
27
566
9
1307
85
4
12
136
80
33
13
5
1
1
46
1
552
13
47
419
158
75
8
35
3
15
3
2
8
1
14
10
522
184
635
1
12
7
19
29
2
50
6
61
30
2
13
145
11
234
276
2
46
80
49
1
3
929
11
1307
54
1
669
18
21
49
202
2
224
119
3
552
4
43
4
6
1307
4
33
136
6
4
46
12
23
51
8
27
28
3
826
2
4
251
254
34
1
132
47
54
1307
112
3
913
929
143
2
53
4
35
7
84
3
5
124
94
251
19
54
354
3
5
15
14
3
25
11
2
392
3
61
75
280
452
245
17
29
13
29
42
1
4
21
145
12
1
3
76
5
11
5
3
91
174
5
4
124
879
6
124
6
10
59
42
30
30
8
448
11
47
34
104
2
5
7
408
18
19
2
127
1
19
53
47
3
5
1324
416
21
108
15
13
2
879
4
46
82
13
5
1
20
7
1
151
826
60
380
34
22
12
228
538
36
2
2
3
669
92
68
3
26
29
2
538
5
6
152
9
92
92
4
434
8
224
6
7
9
224
4
3
21
18
15
83
2
60
245
4
8
7
11
7
4
107
19
32
5
34
38
9
2
3
2
136
1
135
3
226
229
431
387
62
94
59
1324
8
56
11
15
2
4
6
15
913
2
14
124
157
19
82
126
21
15
1
4
83
126
13
94
12
245
13
2
5
12
5
114
110
1307
7
1
567
11
91
146
26
1
2
177
2
141
192
2
83
3
151
13
82
19
1
80
8
8
21
1307
6
49
58
5
2
124
1
27
5
94
160
4
7
1
74
8
94
22
2
390
8
254
1
913
7
14
824
203
921
84
60
567
145
84
26
14
130
437
2
7
2
7
9
8
14
6
5
62
3
3
3
18
4
8
64
29
406
4
5
8
14
25
32
5
2
4
17
13
10
2
1307
929
1
4
58
44
5
53
85
26
552
14
16
85
26
41
151
35
4
13
5
523
387
915
5
16
387
16
10
91
929
23
30
375
1
12
27
51
3
207
1307
15
1
8
17
2
29
