100 4 4
792389309
576880658
941074660
866196412
771469712
809602056
31148299
809636115
865925559
811053256
415823733
133833937
870798074
785089696
791308521
801118775
543658607
323710152
809948016
862744041
807769174
866092246
144941004
807051257
750118734
179151305
754167198
809980322
818987025
809943019
274065999
771688277
802603175
23093973
573787926
801124398
184767886
862606541
862511628
418365643
810270863
323113814
808482421
192025529
810954094
414448990
810954306
807463434
789645038
811239632
115710982
71545730
199952678
810234628
814463756
860887100
805489156
189973925
761880618
474831282
22844856
755586364
837586211
274066994
818928276
818551342
132637611
866080873
475328608
801186655
809611466
62332477
820005043
862834963
808191461
872586400
137316866
817933419
810226752
200133732
144610406
809724805
425950124
781458055
810236616
802604238
865825712
805051100
760981351
137034914
782756416
249067808
808372699
809665282
184806268
868724653
809611482
808441476
807050174
178655368
