100 100000 100000
306808877
976278671
927825131
932235599
805642843
975231312
266363312
767787871
111384344
984626881
973717480
965087007
808876694
965201903
929968545
603607497
932660698
814360891
955750328
794787645
305879825
805902673
768369832
809090948
971144973
768820447
444268725
282627067
843483921
951669914
252283111
930788912
252295760
774635581
809856056
970406305
931943590
792086457
970357366
826247219
933001456
981508076
775201975
824435216
751639229
257342890
968713024
301862616
773574610
947878643
308459161
934343770
810455253
295426366
396192527
602486308
894378630
458153586
809809482
427408790
765798995
550914532
838904799
934128520
951001998
533655792
769146796
948333103
840016372
907015127
804998996
777405455
805724288
253354490
383942406
930337595
774675458
256382136
973773613
982425659
975371344
777481783
293660943
997181091
773774069
810325962
932060458
808670476
279555465
970353507
975494790
774801690
753836814
827972874
778803724
930788609
797969299
115882500
811854784
767166457
