100 3 8
424609850
424610473
424611096
424611719
424612342
424612965
424613588
424614211
424614834
424615457
424616080
424616703
424617326
424617949
424618572
424619195
424619818
424620441
424621064
424621687
424622310
424622933
424623556
424624179
424624802
424625425
424626048
424626671
424627294
424627917
424628540
424629163
424629786
424630409
424631032
424631655
424632278
424632901
424633524
424634147
424634770
424635393
424636016
424636639
424637262
424637885
424638508
424639131
424639754
424640377
424641000
424641623
424642246
424642869
424643492
424644115
424644738
424645361
424645984
424646607
424647230
424647853
424648476
424649099
424649722
424650345
424650968
424651591
424652214
424652837
424653460
424654083
424654706
424655329
424655952
424656575
424657198
424657821
424658444
424659067
424659690
424660313
424660936
424661559
424662182
424662805
424663428
424664051
424664674
424665297
424665920
424666543
424667166
424667789
424668412
424669035
424669658
424670281
424670904
424671527
