100 60 15
233140491
436665255
195981958
474239962
387273400
244320959
487572735
199821927
253941257
367576056
201650048
484568669
193930954
452297051
304715043
400622958
230022965
199107385
394271507
195950582
436700676
286508465
482458043
818543088
290229940
230033343
195294154
195930771
923712218
244212633
305290876
25495387
484598076
452155852
198527104
483606720
958786423
307701039
636990995
248656398
296602338
392716311
363785929
961327198
910322030
307658565
311391408
903200185
311492295
481775455
201660504
453072298
751998346
391722902
409062532
488087302
307922768
387340468
498269716
307622875
789704030
344861379
308007749
198507703
195950675
195862552
486936322
818535450
345509668
471344884
284347096
470851718
352544581
373917870
345470261
344662707
393595665
471970003
471978000
400618693
137453644
375009395
292721115
252379113
308002662
835858555
491817529
400617142
101562645
373738199
195983698
197666700
499146334
470908368
947469485
895020272
195926382
368756750
392886268
439031504
