100 15 60
37794415
128869963
531373500
80027573
495498516
871604232
113799215
379758235
78232519
448196934
621284501
494474011
70022548
127678923
224042820
134014175
114212929
389777354
423354602
134000955
516770742
842467100
379741644
239557480
233590844
37960894
114082947
379679425
742603691
113321994
7861731
62518923
402198247
80925539
426316409
9049000
234323767
628547857
379656894
977264404
69826270
490970284
576024772
387661800
116118455
386935367
870500815
447466816
977690743
97524120
2385835
871760175
72286065
871711812
76412603
871803902
468365183
211106845
836688076
495509973
94625967
872988126
447912496
37946596
53423714
36363332
221923201
37551824
134108564
883179628
816754230
495357517
861896179
53701948
195859923
78825264
491004256
383024497
37541912
90216983
94547727
69444675
95101060
128854739
552920643
52895078
76382306
97098896
116107187
380668189
64935657
236609377
62172059
114346742
113389564
563293748
493979155
649032667
38690749
743140619
