2000 124 753
86797459
792654587
57748087
53006366
553131419
913562831
980704024
755297038
750946712
753650699
880352677
752430169
989651452
781426068
885079353
939188118
727447609
134042410
929868877
782150700
53745728
751831631
982055835
880232318
879336571
764510048
227442045
45176012
934886229
322918479
745496730
751866412
792580310
764326451
914511254
991857351
792092811
27758920
808122738
749998483
751638158
293832014
551309808
940069626
751638087
623372512
551433008
42153249
751841961
988932439
360303048
624173634
997135974
751696033
943648925
726842736
941333685
798857024
751638113
53014688
54190416
117823369
77712634
753850493
913113583
752978838
751868144
751637856
880137919
54191841
751843243
805834339
751631871
915414038
551432979
751837732
781934758
876279639
881285119
915101515
914074627
914109677
752360953
796159914
532512655
887798011
792380261
755302433
792181728
618034861
805012889
752501272
792152120
938895975
803176411
931439471
161506549
747392059
753030990
355114012
311711250
940378223
991483358
991875794
597254108
796160160
889028862
792152389
754002585
23446565
748937877
751638112
876238776
800099788
991465337
753457358
137112696
790432263
751673267
984759421
968722202
544414632
751695813
792217063
918477990
45137407
782089034
303432999
531688971
4069659
792418665
751864352
960936145
751027284
754212806
930231980
792046098
889949282
50874352
752043007
782218141
67255458
751866666
953232575
934652910
742318149
119922633
941405405
792373991
744316708
279368929
75519336
915177313
751869512
753961761
745361690
550964852
915196722
939086240
751748270
912311332
49298653
939673772
751872969
757071072
751872079
43790780
750985303
781354214
522338415
792091519
940423156
880235641
522798507
289932302
129639175
748940852
551018418
751588388
623521065
302644714
753215444
754002120
944843428
599226503
914130564
992119670
866616261
443386500
943611417
750796766
623362780
920916537
43785294
789581273
753961577
914137319
888655937
751027992
754921504
792549467
751004643
798921766
763176102
77651550
750791191
550966033
792092462
751631369
753512962
916894618
751696008
282215472
745678040
743865601
799969213
77650881
746169216
997293608
744430899
953226407
521642579
960478785
751853995
918851142
764322091
809184677
751004838
989879922
938709900
312416433
940403333
941206278
911116557
800213070
751615403
751876578
620928424
522796570
551444499
752452015
750704689
915668440
751666515
781673723
742401516
942270456
554654486
890344186
49815760
753961486
552132493
990868083
929903422
751486343
782100548
44367573
880134896
792146335
991870571
912592002
751637856
253998545
807484272
944212088
753980001
753961639
488488598
428888952
44799718
996048634
992089105
754265801
47107595
254135755
751141148
920816390
591843643
875782422
77639090
48957087
914623825
940065665
471198378
47879199
792030965
49216033
890338011
990448382
624052916
744345674
944977881
960094247
751684444
968019250
551449424
805834338
753648606
751598591
911005798
751475153
785954120
311712821
742404788
781397349
991870849
942369073
146806597
44745895
805764534
988949181
915195982
929825338
41620730
792096434
792144867
92838954
752957461
553474070
792549458
806753769
792149435
764312851
624176807
443461235
750200394
751005739
73287592
52355260
792660210
5509433
751780702
790331008
52133469
62185632
792094393
492056097
302851592
751413098
49299333
792006387
807229984
44355361
990993325
805014284
551374188
43096008
938718670
305037462
537833541
77640384
744342557
941332991
751631460
753971160
915105779
937705872
435439042
914137383
755506516
624196468
911070902
753453264
43459709
311713695
792149310
915219631
753641998
764335497
915105554
522116898
764473179
750998263
50751730
807492830
86493550
751835465
57685765
807428706
792418194
915105982
945272983
255496322
781705922
294560791
991863975
534055548
77640219
44137131
764328326
756232671
623363031
789625378
753590839
807603542
623478338
897463734
623328837
911813511
792549650
897795460
751000423
609341773
943691376
751679051
50719636
951668865
368287464
50707994
880246983
792094516
750947505
751837762
792150624
744353841
991951949
443962747
939472287
792418338
751638077
753569509
792093477
753990122
39195841
751872378
757630168
866198163
117319657
969372303
751697449
47829384
751638139
792375924
443687521
792230709
551307834
751052091
411436523
914108306
753459349
314649726
554320558
991857200
751001585
991874154
55834738
876280020
754265404
49195413
753525781
751866428
751742316
371216555
751925994
790053268
77689497
806414878
935442057
981945437
551678845
805681611
751004591
992007714
991958126
792093512
991873191
751770612
917815710
918961242
513668025
49213963
49204468
73848268
751629382
37565379
753460391
49270440
66003582
354660282
53335303
751836844
915196238
53718873
781654827
762335183
314147741
792013685
800278621
991858042
603416828
77644116
997975064
751756152
757076098
753627177
734360696
58387571
963724186
968871740
762605534
312387550
805095960
917790233
49214241
919784291
966301699
522819251
284252890
960458250
293840740
809227142
751831177
44406502
792213221
991877578
792149995
965991145
537530379
49377271
792417165
944135468
990545477
751866544
596436948
600283674
77718470
781704120
944133375
991851584
914408414
553319855
915104865
944317418
750771427
291232873
621844931
940371707
745495117
781843900
751631363
879277957
792462074
401491821
355122535
969241086
753566300
888952624
997289916
53968587
889497044
66573956
751695908
522789836
969626600
784558959
551449477
755125410
915206972
876319990
221578594
921528532
56955423
880367421
920913522
938756312
742286948
805022848
268049206
940071092
751836968
312386856
751760543
751686405
792032026
945308763
929790259
744326735
518437022
940006176
969258032
880363979
753962734
750194884
991866318
876352622
784307134
941336746
550800548
753968561
789516643
753609539
601197432
958176106
753511334
941355111
991872846
939110565
550848492
624267056
478975180
743187910
624191563
751700967
914501231
798854721
764331153
939034231
751841910
751866486
444587060
792012704
762294130
53239955
753200127
129998623
876243987
5463533
53013687
933919132
781371792
938331573
991465522
514448315
284445683
919029967
50844991
953438643
797580009
600467739
797832965
930835897
123057895
751641786
49195424
991740896
750947625
474476070
921541404
792000573
944209802
915175465
751631458
369680031
161872350
790071338
782185199
991849775
805802732
929808884
550249872
751920934
751683895
54511542
968731241
991855632
30068091
968324533
753960998
934993472
751843870
751617097
122388211
312387550
789593540
354598270
807293037
764328736
944209593
782192497
551432978
750503248
991857651
970050057
797749119
791677952
755036609
24758183
522785390
909023594
53808540
762419655
792549803
792211138
754058301
756952822
751004506
554011425
751486169
309572580
467642099
807324183
879349049
752031323
915169132
750946238
792006392
792211815
53105249
991850283
991849920
933297713
751692546
148042052
750792859
756941648
960163997
941237339
912291010
751005044
751687726
998022075
545422005
47621586
62189070
781350258
807305415
915173121
41874381
915173334
517145552
912149977
992122928
751845971
960889057
51823321
809226128
751842107
51763261
29366254
945268612
790500559
991863545
805002433
798906935
5353674
754265801
931234988
792553501
984779841
792033707
764327325
784094816
792405303
792553274
43790269
914413322
751638098
781352993
781678379
751638098
914130628
750767776
752525685
553419135
915169207
753196895
991436048
751871838
939268720
18767030
991599937
293756826
51823227
912416501
24724225
940329280
744419202
268026952
42118414
444147520
388084346
751599622
315349370
541060932
312097059
911557598
911123215
133897910
550966052
792093678
792374894
313513107
991873103
753954720
792338261
804984985
799429859
24624099
968731620
751650342
122433052
296738822
328761396
751690451
785769224
800217670
781668793
522797728
875819964
792927463
912311277
968024501
781625032
914497536
807475463
916638812
757069416
762390301
52749246
450181289
990598006
764282659
272507306
884758367
940257325
829132590
763221774
550861743
781671672
781633475
880355958
490269897
753988208
551438684
753048431
892003023
915101516
517460516
453260162
935430030
751837476
991776026
911128544
368357970
24698903
933297834
753988219
623496843
780789052
996402023
550927216
945297264
751837768
880368461
991871087
602681992
390314300
729691034
916572252
50711771
988938567
751147569
792472999
52991771
888957317
933340575
991784113
792213010
920998404
131373734
991483846
753461161
77538902
755038123
755692514
753564517
751864352
302275518
42649246
784391045
322333113
784446951
52990227
49562557
18890077
49391156
953441295
751637919
996301206
875788421
792418257
792174532
807802374
931439817
938072404
792409166
742403998
910932793
751679274
880355905
751876387
595933643
981354889
729560250
750946298
751696774
750769174
914506135
751468583
537795372
910870189
933272032
805834317
784228806
921200421
743269517
792411036
86452341
495741467
880235952
915713345
507817730
293845198
751866410
792150716
944239378
792231536
437859583
86369715
876459944
992089463
783189251
624153739
991869700
521846751
934908582
792165490
958099671
42121467
753885428
936489501
800217666
753483383
764285309
912574267
991850366
915263443
991877351
792416298
751831727
24066761
991869684
889573942
751873340
879249233
850726936
792187576
960698556
365841794
23915841
915116734
931455990
933360562
880200040
912116791
54958779
805834364
792364805
763176500
944845017
878599643
745453396
252636067
322815388
44738107
880350455
762155128
756875401
316958577
751827743
752422572
30024438
599916359
781697605
797832700
73622552
753590847
984780860
792211820
752468330
35107532
764408057
944132279
920926264
751836895
77638883
781718253
750499501
934886233
813546317
748937543
63790060
30090153
753619826
727121883
943691636
44621448
751630658
751866669
941333428
354790919
24866630
789867518
968353275
791747512
969374478
753591286
792901838
751876412
891975067
751695288
792229490
51000175
782192468
792374806
751004821
47916893
751027995
302856041
551009887
943103981
756093412
751891160
454100612
943003946
887919866
920905901
958048433
751915872
968454508
331174130
940405857
744322137
798882351
797792757
751647897
781639018
123047747
991869560
444664747
751615403
762491645
303123618
944133578
623361051
920187054
792016100
54521372
49224648
753493796
807286546
598663760
751831629
915694322
742299933
991503134
624595843
614816679
751837946
782185183
888952624
997966222
123295111
77558531
914503239
49202822
790048738
604722319
790077155
753524305
756992658
282151791
781461830
934723528
49897441
554090814
37603412
915138848
756923920
748954678
792590387
990588093
445246709
944209867
886176477
965975779
48983005
24878869
552510491
792090674
751872788
941496200
988964543
991859406
991870005
751866409
945009224
790474288
753944277
751838159
385180744
918623553
807493148
42484450
889995620
991859049
944210582
147400371
553597389
751004598
139317756
751005106
960716960
792175204
991846682
753568684
279399381
604612464
888900729
791534565
311703162
315626430
943324662
792402700
991856080
914136448
792185002
751598606
227887105
790515632
944139136
751631375
930231239
792091430
973792742
751871864
744330754
623420720
920284218
911421243
944840822
751838030
998761913
875808322
792553685
914108347
914137406
915105710
600551917
751005448
330132955
753889625
517193198
783067521
914150637
752444212
784217694
915130157
918834767
751912956
552458590
789223935
748238580
444161247
806850706
914074824
991850225
161810673
289969101
600470428
792150607
751842901
751647439
538372425
753627091
940405709
751880754
45217240
985454474
931241911
939958834
781626551
914516105
789905275
755125811
985423634
991866761
789771908
622727090
553338276
57270682
911003320
792418104
300696095
917990855
751615403
757073609
294560750
930359611
53115908
914127439
751598819
751783456
890343981
270870431
920816364
753906186
56603843
958086242
49296836
755505117
603106959
783291370
755116230
444683957
550807176
550973970
750946601
297943023
39146521
744156697
763859532
792415988
751682295
990995018
599915389
944209588
381731925
781706327
792229344
967970679
916580195
471358122
792146892
784049315
41493325
991450010
752986420
888874104
968324252
970263467
751695679
50845717
77645875
751632509
443871091
751642619
444080209
753459740
941300272
751836936
751868687
807267200
876239828
603328563
789586953
753951751
887913618
764329671
31801714
763757573
911223677
317306714
751007456
742318108
624179125
944058876
444109511
790288424
161491801
968343898
940141525
920052904
805834352
53302638
41446029
792419149
929864283
63790236
888111164
881338616
934662189
751643375
45706277
991859047
790194301
991599406
939761039
990993260
805670111
753510163
799343046
792374463
77805527
55640966
940064817
751643835
970316209
912492058
968715976
742404924
73339676
934916033
876237996
87595534
599218998
751641805
972777471
805163074
996523799
751695951
792381970
623292174
58389757
888136102
50713717
521660634
53208223
931445911
751638109
792368409
942429191
751004642
792090898
77640219
742313473
355428371
781366271
755102770
939974979
150066919
985455224
52736839
752369618
930077770
751880820
931299421
792174030
753961387
757075434
829133719
792162308
49007190
751837489
889755432
984789563
881248972
915218394
915872177
880240343
997294299
77640139
942409523
880246950
745499351
43788943
915211950
912485294
318900423
752437643
810076246
550804954
612540819
754751177
750195808
355890255
807228984
792091383
979844148
551079499
997778948
753206774
935377753
751778451
729441021
738386954
734398919
744353841
914137400
751005689
911954127
471678006
44406512
751003789
792189960
939019155
76421200
311709498
792419103
754975471
49572402
968331940
551349508
876320261
800237913
753433229
991869107
914129928
915104027
751910884
888639881
54152362
443622814
968192474
744327473
753961476
624060988
385237397
950727995
550973770
743454813
753951631
942834736
117355287
746794883
512487890
290120995
944210551
805489934
912571255
934634090
764328737
792894728
938143836
807431335
730021831
753563139
914503279
879342619
792146842
63815401
918026115
750896940
750998285
805832986
750228222
742404143
751916971
781836255
991859568
284508093
991857753
890335500
991860997
754815616
764317183
754805051
805019715
539463687
360094144
792374421
597622598
44368162
444676560
991015636
790378423
764328080
792419025
44430165
889536810
751678022
941228129
751001541
958762339
86098258
751778530
943963952
623411937
752239407
552965695
219815377
77639073
886579788
743054749
30035751
934788193
117118805
751842012
978340267
876254015
751831736
882697436
931436666
876464028
738297978
991867332
750703233
750703228
991850207
989681988
596712046
331378925
920909839
50835823
318900833
744319961
623322885
742316845
990300823
792187338
751683413
754795358
751841154
308296624
889508724
63278970
880681125
42107734
935325214
790052263
966044826
223075538
914109677
49645001
385189387
786771838
790210899
990520618
596340459
755308447
551284985
48950347
553341632
57077593
313079261
887744682
622018884
781681404
51880829
790355230
751637725
783074118
792905181
291568414
751751112
751005693
751633690
953972960
792149153
781666789
781966362
751598737
765134269
755103946
77710019
792188257
751866567
914123924
751600638
73973716
751633411
805834428
467730983
750228244
517715017
303308870
77716309
739257939
784601294
944209783
985880560
77649117
935169084
912344588
42129319
982406998
876702904
755118279
875789066
751637843
49810833
911543293
138769099
753590774
792174265
764109217
120902988
781343537
887921936
920188016
910886622
751838170
29473722
751873426
623478302
962513230
727322829
828255668
889573075
552408412
753450988
744151183
781619302
756952955
991855774
880332280
753151130
784423139
757249940
751866567
939243834
753524776
52742603
931884778
51992907
914129722
991869705
751837679
744228282
991869685
945257455
950213865
291097851
936490999
282771207
784462483
203457412
991879944
623490857
915101447
751921276
791561037
60846254
50719821
282182583
939658891
792563421
728568541
930000005
751929908
807471407
751020209
521966005
443829448
935011265
958719441
805046573
102612180
301854706
744349389
949654289
755349157
792480050
751837752
991876259
57269810
89209428
931433359
941292826
753972181
809285223
990577563
792387514
968744903
750503238
750997897
911954710
991860432
354912439
751001498
119712202
997788167
938802534
533809865
943609597
991877583
914115874
533281195
753986008
538834633
751617282
753590788
56537689
751006682
914111666
944208218
792898182
997782388
553317371
284508102
989650898
753512888
897653959
751477724
914412186
991866888
24623993
944212256
781670846
918618714
54055762
257729928
911010933
750970678
753590175
921585550
751598496
807490152
954209459
753615545
755291135
744266524
751630380
24826592
523128301
912574264
920088681
62418268
252240195
52251372
913765924
751615401
800234557
45141233
934887521
911063881
967965877
791685796
999214230
915107589
751679148
792411195
751647389
750124853
792188700
284512536
763757084
785994323
916641211
750947858
24358905
77725769
752371968
751678159
889996636
876319992
600542081
991869018
750771721
477969308
54394550
753547638
911978264
623401343
944196793
755100552
912485997
299829607
792402638
950103362
800213865
751872151
790079156
914109974
751834457
792368340
913110977
915171527
792216897
800238075
782216285
756916786
880360584
751673244
425226549
991944743
751866682
790216990
784380577
754802979
751012236
37885733
804550468
930231215
786702354
57666667
751837450
49298207
471640983
968179964
933299800
880237883
52669305
912574174
752453387
792091571
751846268
792179684
750947840
751468575
372688794
790377574
550858152
956838738
944213792
40320024
880353994
751036704
742289416
829032051
968335008
818536314
915122017
600468195
920284467
551449027
444147023
805802802
479724085
49224470
985578691
915138095
44790729
842306241
742284410
553332333
991651859
879387461
930018392
921363546
550795378
742403999
364414825
781630733
41117523
49006877
914507205
50908403
624052736
113322823
751775058
751042578
753585427
117160190
27959755
554623766
944385064
751870455
56567759
751966901
967511028
522792014
550998706
789931359
753889887
960935756
790341271
792086867
754198661
751647393
915214154
553481305
751614190
751832005
552453312
744585518
4993161
753961534
792418354
942834747
784431955
782058869
608160773
792093497
784380501
751832793
44769315
550804818
781632464
913158242
991866193
23977737
751043774
792187494
44406228
65999982
800033012
912568567
129401311
991855797
781850898
792405223
86886880
745392325
41203301
753217594
53722009
551309887
792087322
915104922
751470266
880237286
933527595
540001799
47624020
792020337
756353485
599990431
744371639
804551650
938788742
129431560
935249027
744626693
876324030
751895707
314659333
991869684
623368729
748931065
991880169
910998860
881249265
750703426
915751347
551572451
997965818
991866307
790052006
73500765
522802784
991849522
880337647
169198031
809869809
751873721
991870765
755288693
916731732
781668113
751681121
751477955
808346028
792374389
942974147
782059339
940429273
24868147
312387547
751637841
783389520
791800995
331513609
914110749
754317770
523315351
735517196
807490566
751842381
792636721
751910162
933444450
807490167
910918330
939920979
55342258
755117951
933486679
890345291
293788848
621932135
940805753
750997989
548915013
828874862
807490557
935424924
968964101
751637546
753646931
940276424
792596873
990526232
751868843
889025130
920999246
968380338
599760813
941330142
799193597
751697404
931456082
756142637
745148922
970322806
751631493
617612492
792375925
293832544
523112446
810081903
751828729
944257883
931456044
991876815
63361293
997261389
945040925
49755121
134864737
