2000 1 1
503734892
836084810
203310251
186706286
112866218
703821518
101993944
923685424
815611673
617039834
113135907
454260639
372132366
506810669
322182330
318469861
293863987
630674364
131688508
667510872
393761
90731545
249870816
212009163
671288165
373867465
215202613
397286587
195606941
485721774
740592882
698737815
905507611
541937628
650684341
143809461
450373260
237793912
256549229
203057362
61491999
698442075
15559394
472323992
197772031
750113351
848664171
807441575
960364115
177284019
909234321
485699834
638583574
632969095
21810007
875705771
582011732
94309292
947364783
50835207
33415433
62044282
955254811
418546241
999352073
155335487
796128715
468592051
498273549
853012158
684405001
120377657
354338191
658085697
100824568
291322828
413404519
78535525
542470079
213638347
877921220
699336847
204751446
121769555
853350290
847702148
142588294
346348345
13127306
116641736
349213174
523721613
589033678
507016724
5192290
82014449
185653702
773050212
360103716
925433067
671194684
73921788
52243320
508075506
163355944
530272278
419189653
121631229
590304173
492719616
520358907
848469369
921657939
956254260
382368614
252976746
862724820
34640644
5544372
522719502
911566070
946896724
958873545
437396423
650084467
22886691
304755361
179645598
142460119
959767743
217614729
193528747
95441063
441286102
200687433
466125656
227491039
661501176
582456541
99769140
97228894
529109098
945560748
654864982
118024183
611660259
557183720
342694104
625063724
66274447
405850386
846952708
205765773
339711108
251901746
80988293
562032609
378421203
135754089
474314108
335454996
142666478
113688546
249459602
97016787
470556578
43616764
671877867
773266526
407511363
235125324
698133004
541155343
668524734
950266963
209701981
75573815
792220242
441511233
412280700
973655927
257777708
979870673
182841636
488580950
813285516
278588057
642509160
533624701
554757852
495093624
359418554
969345371
973889424
703631297
60854095
900153166
640068831
832569352
522757368
890241896
984668822
222980705
837336768
81012660
99464382
160712087
620780192
150164103
444329657
808763222
714016782
276733956
89049941
120753325
693603578
646078203
842582838
958357039
240146989
30919807
175860339
931048732
796375611
255885278
8660866
734812014
829624075
23701129
52672759
123299265
511261925
45464787
527575115
828328329
909428445
607209553
560956756
735438478
667596372
127816294
881147395
526572589
37442146
619280436
157308485
844843151
244630550
689190401
465598176
476260689
49449811
533053486
138288467
653282994
852150137
901328550
35290292
141165433
703086688
277982895
267429314
408333413
172956262
691266884
952377886
362766069
643636400
239929694
979044888
751823901
985103567
144891585
85332705
98135433
90252661
563157147
916308061
20622883
761177745
112534042
339155937
333843388
624859532
593951944
810461566
197808975
738659334
802940756
253183047
690436512
295298835
413299489
736924012
469277269
840434037
600016824
952841542
187847103
209574326
199994637
234587076
478903191
897432640
334745059
661110571
535201217
41322066
953400409
361875423
437044734
151838973
261053495
107585882
226697078
952458674
876643786
956984942
501486996
404364406
531749023
261387491
587016121
465610609
4118271
531445979
237222918
755192378
291517290
52592321
382442141
468745768
15168209
100952342
823086407
828346133
113542744
213271334
397834073
671486241
582039959
72444742
39684676
214588327
521922387
814342584
164563558
863951793
30527988
462092328
769281725
72342513
764401711
284237804
709305392
786181913
663614325
681040770
686033434
812754601
140385935
446853260
965379024
123067468
693614419
285406687
313005809
229060965
247581828
179081625
126416161
431286471
51106620
583636779
933235872
643706811
194962440
165798027
476794983
525412941
203778454
252908283
137898883
835962100
50221021
937483789
910529540
185623517
616862677
27980838
857665023
718853862
195225045
142882695
973536842
432365997
956509806
814955771
859297947
543665783
78615319
666401576
503415865
213741457
311105596
27346626
269291218
668145086
717857603
817382612
879567047
17774404
444695377
727151761
394133044
772235877
104066218
240822464
949272639
429492821
192972752
354707871
553921380
929475437
731174471
185153307
82428062
749521740
355672591
349788840
887998396
10431304
130688974
716076631
633252455
850495430
824397908
734732369
661775925
5742255
49074241
106615942
375285223
219572243
115303164
821788554
173724408
765579279
18517152
402764016
497226346
42604326
926336990
570188353
779622587
959671024
609058327
938857807
889600510
255881496
191786312
303086504
847209823
713690114
960949379
726530785
200891470
523424951
408606454
898737075
873168392
966112598
883607510
114420025
83919196
587774608
11458386
63482844
269074588
29495209
226322472
869665965
360465606
380642416
178042162
227043689
211671838
260961332
881644283
214224936
198327322
394794690
870878709
103805868
747118961
156619639
563084003
576946064
79821392
242290605
796540168
81743804
31890527
639213935
555622440
299306047
671895543
937772369
605311888
229135747
326122811
11896498
197606113
395561235
748394374
921252149
810467505
332198152
333054312
101627417
500061253
444951499
411284938
808504576
966023335
230654489
836477345
748214290
931242483
779337551
193836552
328091734
977836374
684275339
980310705
4612792
159708186
142494560
695970374
342246641
511588778
895696225
996815434
506527114
713333689
861057848
374237031
742216603
182633431
883083240
852231927
177163910
601292217
930665589
100768005
131275911
64549351
258529812
219848594
838359620
723706188
977338784
702592011
622002020
448899349
84020636
296364419
688959270
828449239
400164249
475260224
700527083
111710190
191442872
110755520
377032
230922965
145628865
233375922
348301784
65269959
437622484
885376309
852456340
159777667
861634495
519302087
846819148
403860448
85956973
60546269
148740
191722691
97700084
20671915
882698391
70303864
56690514
218302
49658939
559811672
953297699
202869081
611263941
148942349
641394502
178207230
232091621
562904046
651629059
757810912
37757379
567336488
149226373
151596491
222402625
852580017
815906447
981426077
618932438
653691428
91545316
915372377
783286820
173286480
185587497
513671184
547436970
150282164
27234515
522868180
254509667
382887909
832887555
506022159
681758538
977545943
378354887
770397609
172546411
927175413
252961566
194978802
50015855
325194772
7002615
217934571
806428844
84162476
934756454
617273931
225925877
997407201
424480340
600544700
24937498
474399617
759828766
562707476
679054178
98439649
763841941
24983048
655040953
259082354
980840296
437589732
890335948
758580083
602251442
842623775
388441563
566648720
310827244
433522839
151852685
625001366
273951469
431138593
88072691
614053039
939198979
151669301
262524119
785197789
585492005
415891523
73192258
758532402
382190497
658445816
501781942
687572408
183010674
57229007
828892513
923328001
57544552
778890769
408927188
451139457
298248362
784756009
461645969
78290386
924673459
955704856
475977114
66233188
553209413
857188236
753815216
285591110
510988741
278064371
943689663
419914651
334158498
72256404
170586363
76944933
873577418
248846202
763679297
419059198
334893186
788220075
159205624
90367963
233452410
417934828
107689010
986192302
656730470
755002349
490328476
150289484
4333974
685376047
291344910
49846786
624060804
32764314
401230959
491815312
317495023
273345471
915110589
679121172
424501008
182865183
559082945
418609276
37496527
438034314
348098686
472541594
664593266
676822083
792529283
837785378
865199773
703268477
453649986
737086513
864224374
520196424
635106531
871356239
309246897
192734303
800482198
715248097
61048006
903427800
974775555
743258563
154585891
6009222
597297759
90899970
584325504
563820054
756671724
448057751
571884979
161972154
259487403
355259798
109538043
592209173
284049761
457479882
629025168
659713438
238221794
820662664
516734607
412202419
545919
238142764
531679626
328474361
28471589
473915976
557671269
468456628
595352015
544618390
746657485
789867024
49566354
157505917
400496445
799566240
176049953
476031187
750789670
237530475
942148287
574501440
681196325
237231015
94517433
798163196
771748463
175298155
953092032
843378650
544894897
758876957
959185071
43639989
85474932
897308102
856536985
244393387
767330895
706445782
860455947
836882190
252910122
458212464
668784146
40739778
289679413
71164021
879657029
651553178
53789988
444638585
864788182
876427911
526888854
810697495
534453221
65386762
672007206
835340265
646571155
908209540
509659352
572127279
787998410
340438506
564879539
908563790
119428152
296134408
656339179
269282386
19318042
530925233
666666667
194789262
630594539
323235515
609476344
40438525
271695430
97882157
185017398
953202929
247300655
638296415
38443301
659575737
815759079
543807125
281310942
495673315
54460082
457774850
766609114
774376917
892382108
18744401
214881354
337317390
991427674
337302297
87261390
9427380
434430959
887714259
11384490
158254965
122857311
392430784
474590832
371708134
567578295
825640522
929841372
86441341
333333334
511965309
417043906
683966357
775222140
849794527
70810697
621766614
825285461
35703729
230498499
277678786
278872364
223342801
222934219
274264026
140004405
154886943
920875509
326301557
85253055
37614790
665152479
676231768
886941248
612975462
277304301
1000000000
858239521
673431997
226552829
90539610
503112423
264909334
768742932
249144649
315164508
491757379
841975244
835076873
120061899
2133284
681063587
766624617
245528396
835884498
416556027
310226262
802317430
483267304
286334753
397812589
789478728
942375652
838982043
656654095
57378062
725975803
268217418
337790122
914250579
863293456
2813592
471288793
299217141
722009042
565536435
59537582
50240637
364077848
464733099
788734221
231978292
470448224
737698028
359212163
672731964
607762638
560154648
492705513
388470530
213895423
58850764
478582258
802091921
125472879
147766577
228482432
927666831
525700448
490506727
412808919
671878557
224327808
715936607
207106066
183482933
134777831
286077624
659013617
913633557
376165250
490481537
814586627
494724156
791368153
966239630
45747841
985812011
883671366
809930191
61484795
30703357
796455831
63129042
243267526
573416118
632207597
624456129
797968191
452748883
149752909
123703088
769420491
46914552
297311198
799446742
241362041
358550436
532657440
783070546
354313785
648744841
260240431
267313827
629533642
754984825
533883662
668326643
115323842
158830703
839970641
949585500
105589629
649730994
113863762
782489973
943482791
513801411
462816936
811947141
817959661
914495110
151027669
484208170
409530029
701334223
639810683
569750492
895909650
594364448
885778695
535005089
264956022
857306193
366793056
263402376
79724737
549347509
154483798
18768527
183642635
546111895
502378951
745094135
854594270
709365145
423618754
131064589
689416100
367493971
666752923
764211185
850624692
478700964
576324560
617255148
68722690
351868806
251033547
531315683
72066859
35906720
757382556
227223712
319914389
762556253
332319076
26132510
586039559
68007796
273355668
298745099
418588949
734946419
959127275
880366955
216246201
458182522
922248610
925739983
350977396
405411750
364936462
811804029
272127819
355219150
869762644
800552467
859454619
934540301
133072222
226152900
761796524
100515288
633469930
975247976
815686733
456404554
981485763
489374815
629173109
685813981
579740597
514935355
956282231
724265193
400721842
69466191
654215881
680975060
459751760
967807455
923938141
886500952
106747116
278700845
236317560
164923202
236998852
455742173
571056187
443808504
913373396
815512790
682712775
45572191
547563492
550012698
395588827
122580481
196153559
22743283
897046659
784743886
700284444
285715468
368372181
700921329
538052871
14822144
223142748
808624
589894238
84298473
245440338
738626933
537981415
588995666
124076696
948175316
606341123
674560741
42266066
281589490
288931321
533052503
947024033
585534374
100989741
243130663
796434495
722495358
966567748
378165637
199492095
177179551
890238954
221300721
286785017
249462290
521495205
401500348
429348239
488319205
547809418
495983696
45599159
185070414
994149240
948408197
634576368
312666714
137592238
894103297
69301665
469722646
173685257
827385544
721806517
667417168
47947869
836212566
497754963
350596377
207267304
214514946
198243049
100612472
263984745
124222513
174239485
465109752
95969581
502724209
584551883
549834073
795441703
772565899
278502114
761492792
936450804
283305187
853825563
32664867
741984320
100183261
526822446
821875238
673964084
342170037
968584098
378018483
744194632
12263245
587273612
11183518
96424307
483309752
155417119
455536073
25865223
6771542
628895241
757248237
631138560
767564363
679605633
60172039
847548012
854280312
836082428
547006220
796023486
7163397
426314105
978961266
826474943
198594456
807943977
828428119
912431827
37683920
751513081
850828584
115705861
931627145
659241519
306566872
352199905
187099123
314165843
525747406
895683414
72767685
533400579
932414012
934402218
179963548
811701956
425463126
74207020
198281059
26798157
165586073
444293134
852003581
454442720
672927307
662634832
74227239
972482965
293427575
959676112
695617910
595572531
170254018
758131263
631374958
402870455
594739816
556762712
267807972
179478069
253017236
184740371
368841344
319101595
98656890
177874480
403104352
241649455
337387618
712951525
598978952
587183815
50527244
888199713
442407496
647358758
250906442
398674290
868585938
588459018
483293056
776584339
863836295
47944930
103685069
182744786
343137454
830657978
647474914
81968607
411778039
404594364
674505647
463837280
516500545
969902540
799263116
821393377
289342101
498816660
476126476
461028303
366621943
521772442
335685122
740806393
580288800
918405488
996711130
608737456
591217419
720251863
354265896
109304512
480278043
992270270
834695475
665942363
793662369
349918489
82195565
599456517
281649578
958154357
211766917
621731028
648235501
846435585
139394111
264626770
844772281
802300425
435715600
879610734
896096472
450226674
484450212
216816427
1
251024675
813934355
133899610
86748798
369603492
361511300
64549903
269643774
227614136
554490886
496603914
622691930
469995836
885340498
395320121
427204406
863313970
430282031
432634165
715478077
878505737
115456952
558192641
132152768
464423396
572483959
291480762
915615813
145720400
416140843
633037821
351580176
59433051
501471131
957673813
185491441
893777481
99990031
72269865
243914924
651236777
588799793
614007125
691777840
125408486
11336312
165003595
14382330
89314290
141873353
434443326
228098057
869808437
718214339
633642367
17574432
89507350
146928436
122697311
469372134
135662183
637038531
927601827
306796756
88835809
267249553
717048151
778459508
294290740
654934494
226048123
672403571
651730536
398400565
924975105
889716226
90324935
90394434
508736825
294264600
502251527
331534987
596365051
326391432
129414295
376670996
361417024
551602988
505031331
919319092
413243081
51423246
957664519
602497975
457844675
65703748
476661213
172299049
648398692
431325259
422452997
207325811
867069077
409773359
741536754
205398790
977534580
957760186
794774809
787029563
89442264
656860650
416553280
239761852
247435041
94115206
602031528
420153757
599472015
958690697
169209090
109278486
186061561
234208746
725508425
923667970
357974170
447888131
517353727
263463822
992832697
691549701
494879885
834907415
384866294
323733323
325307608
494269881
353172485
222962817
341425248
572978692
223569697
264679805
766346425
337908307
194931946
109218997
637428254
395217890
90940556
381906540
652365997
457985780
115898480
972333558
985851309
13142049
199928527
336801774
394056594
647753365
990418397
614650914
284814798
962877997
838513074
948196433
671715928
952968601
68495114
26957013
521935699
850222216
852845416
751812415
288215072
420121259
756605513
986204372
622959442
781390962
375230079
447720487
194684612
743095366
449231251
462192083
609884158
266379326
104921474
887105739
245261047
792562287
329298443
770630674
342546693
492574639
897332038
59641590
295891519
781859175
234429888
737005408
802468829
389910417
414563477
136963153
903394709
546217893
876448105
944171829
257813060
12929186
879109508
860820567
583796641
353547977
433511274
313410740
203937457
329921699
630607196
47849881
637065815
977657208
325570984
649339061
57222586
502700772
30305881
861866079
502549429
497001057
608714402
501386973
65005751
790892074
710495048
353889937
365427151
793955362
840007198
691864472
168767497
841679624
32788682
74121225
535069467
547026717
39023370
800648130
285319508
863252786
19954176
925073000
330298175
344595067
523817354
110583943
81198845
362824273
315113546
181604525
705580399
542553495
682109789
519955143
739863786
964800955
256853512
934564914
857390896
645567477
112069617
587342388
38968353
238743189
96829630
786245419
160190224
681486666
637274372
636337357
881845078
522938073
742964345
743257812
663763449
19254629
31398826
328733372
746269670
584357867
98476792
11783289
633333511
200359704
330173980
925885746
22535510
286608602
18150346
138922537
646880312
26879560
177495711
939689826
673629578
468309571
344925187
905348257
632175398
326520183
382542004
143862203
296255921
437631507
654431387
432466770
621999459
617480815
65619736
714067022
279793436
612118601
787343944
830626643
202564328
509948975
787425996
261665120
664002711
25736202
203318644
303010005
34577075
108003250
777540821
27133884
125411885
24789358
549094717
265345310
284429813
118139573
777166226
895456955
245481393
9291539
566293429
110110842
587523182
650672275
246150101
43071070
680825623
861105495
51520064
80967832
29133098
13483639
616057917
255930444
337496865
963513052
548187051
104237890
722418494
89671943
664269339
596739631
578112724
740441561
179197132
117573183
703914068
390963861
235554855
193440813
643485348
612097459
566587775
240633918
162452673
292866549
96810216
897302901
442004843
656477005
881014543
459612765
583189598
267775872
415109720
422837664
672749409
263887288
85104554
884882645
198186774
204050838
946784683
973134121
371246533
309684959
109679265
935019254
876207671
67293605
694556105
985994868
205136246
269878520
818225660
331334808
253139088
787216157
255095175
602337572
901202270
98848047
226044932
732840781
698904420
977144579
202379232
306694502
693898504
623107817
406542643
24653183
697429848
933030557
283563089
670029947
338391794
374645975
146927342
209081555
591518028
402523486
861779315
872905611
803605455
205089829
624158021
235482219
45372671
443941753
713827620
43494455
814437759
765942361
651360165
157318551
36674508
52099314
699234030
530696071
140169148
972732003
498461709
908589286
531562495
383165255
176474520
884550371
267131178
369048846
631818927
800720401
793737461
762701132
510183363
731497613
881634239
674388891
316653702
365820323
448825758
181880837
555152273
538486594
315764964
424674811
685141971
296745912
857854883
714612851
252850107
221433590
910563037
754081629
798167971
660261433
793615699
380051906
921154497
564383653
633230554
525386597
380066008
297975499
901186867
283528112
854042899
732862703
60886265
751752650
595128766
484213852
998797179
47660792
151074625
370972066
139200294
199490079
859157916
597328630
590058020
36354790
442503752
222555255
293226135
794533791
159078257
122171313
685004626
379454120
873992969
866274765
201293717
914454294
257136324
659689842
478147896
122116884
433466548
831942630
633195248
814288319
953626036
176366334
792691964
573162664
703713799
471365039
235270498
73061650
137104791
197608085
169123318
510557375
344322097
696033551
571182898
264355293
675749528
841542466
903438094
487319259
272189891
397075075
53353202
22938641
133918408
323148241
315920342
876078088
955425416
114714366
887527029
279984060
232276024
132825382
827557174
930635400
96527386
116464009
798990216
549569041
