2000 77 100000
254413010
424051062
590664727
537907224
471316299
411521138
364344567
514919976
422340638
616822888
412071719
417319018
995032997
245642975
423492869
305710737
533491728
409053236
549752513
549142355
366666611
411938366
254579081
364888038
509864985
268299250
860588307
547450949
364482542
211611174
590358650
475733801
512020322
362943279
361172757
576661768
361181784
532322114
504862008
356308176
182595117
267843887
549879404
857505928
511964618
510265387
609728610
315366269
555156980
476114690
549278167
364344042
872273047
872810414
195977193
549195464
243046857
507038244
994389368
550795611
511784063
418008329
261934428
720909401
747413295
549506910
512083013
361364967
268286960
562092557
410524730
549094799
361181782
419388503
361016944
532168029
586954216
549080051
199007506
582283893
581823293
549148453
553964316
549135674
361671713
541924974
511722817
268306456
511964784
268067491
549211599
511626561
872163287
511784987
861352929
184591738
34154273
587774144
364632947
254412672
514654762
254233763
254511253
254433226
425728572
508585174
423290710
199447517
549217535
278863563
855487814
481542754
416633596
553833419
476093275
414873653
556174557
610386988
590420182
733231196
873676085
549797128
550758088
549858127
555029861
419202627
861149252
536006775
508496198
549661523
556294710
537455251
561829255
317322576
728886576
535432032
592673711
536277107
536021449
364308306
419198824
475584432
615297980
872773885
260849053
514111804
423401259
349388849
591948579
602327696
267433579
361092774
531343347
536080862
508645923
995067687
262739665
409071977
346351585
410821797
361083429
476472784
872828549
733480186
861169148
409013639
549977643
481547742
511993316
549150217
412072499
481930999
514979147
44913053
556299963
511626361
531436453
282842195
473227586
549150018
873786824
515019038
361263390
361208118
550854786
556448597
549221983
872721102
511623923
510367676
412831570
362501461
196048962
361103114
539580245
210993167
562344340
209755227
536015335
861443299
995037415
856277970
553026301
360608261
342801859
530449109
549761858
423288986
616859778
556025220
361172052
513166795
551168075
556343929
366779986
512994200
507441818
511983541
278913237
590543606
549195835
363201870
785494112
416788080
348102812
867949395
334415142
556598707
550584729
550563583
367131840
587687061
476345963
510435827
261205746
505095585
614249214
364821630
268078638
406902726
873618719
872796014
590447152
975119397
423137316
283753194
615825898
588965392
422220417
424173306
510626398
872577944
504651794
551057442
508585666
458154528
470446943
867348750
429289831
419197827
861677810
300972327
245665654
613825259
871346710
547368659
423405990
511791220
709289622
417324807
556029074
476340902
577135197
361382279
549758850
864380785
267835553
272612744
410624215
733820499
469483277
609410057
562357668
423299443
299139651
414815034
511780889
549873161
423334668
221332487
509826812
512048105
579874486
861165952
364408962
615582705
860667683
423893857
419214044
549873203
433924789
951892175
556186512
425586629
226327905
481607873
549519043
476087480
543698861
422344063
161094941
873889699
574009897
550457428
361181782
511791248
581084322
269693541
318069832
863170516
606335299
410692393
579581039
549094804
423894956
614319901
364163246
361334965
471318407
270933700
346036778
556456860
720786755
471321066
553838816
556287696
872676864
868732955
360725059
482024698
362436572
508589206
508420129
198974460
316515653
360681778
614117863
364481374
508391452
409101492
549772698
345705610
475531432
732860883
514961210
411936073
515008110
267675173
273403425
367309413
872184926
550662522
549143782
364343239
562181377
410524112
271034837
419541300
562279075
537455207
269747110
307695409
535894264
510394473
362946783
510625965
872273108
476212502
476103005
536077584
550452595
423109696
425659427
553857705
587541057
423864886
481641648
549219711
592721082
412082820
256268950
504617803
217800900
425705015
360878243
531497787
861119672
473216912
608981050
528500156
615307790
856061421
298673008
868768981
549094871
281652030
260446867
508542326
747261294
861372242
511964783
163263012
278686805
476381352
512773330
615179996
607302779
415084543
593366031
554168511
199022189
195862730
975497352
556048048
476334368
254404965
860763197
409052106
228376696
612101565
855553562
511968305
79005671
480522224
577133277
547370894
419202351
556173924
409071816
364348883
504379055
616763415
562179764
424090383
882041839
549689612
407711458
412058889
510878436
512098402
360668378
198939347
279776302
360670095
349416838
549873024
419388358
460461628
556379032
429030958
732651575
867457187
995080112
268073219
297592216
857855369
467635675
429309503
510740115
588429555
349425058
861156075
511794630
871625218
418051333
871521248
505902793
360506036
541888787
732494487
412018826
3686662
360750056
422525943
406347090
554950527
511993316
556596740
554932486
975481442
423456056
364483140
364397889
549083831
361334565
511623339
512020306
576915085
591947888
244002469
514664976
732561360
860072156
268204740
512657998
346252364
556025222
588428287
360754544
588431911
553074684
537440581
507431208
502719471
475473797
579902775
617025889
528983696
871200517
362508174
555110967
414727282
346717514
531450507
553027680
215405231
268087925
282870643
510265413
509087288
511623495
509941800
114189866
555161727
511966830
562206657
550795205
561851760
512982807
85848150
476158292
545833226
425586576
78213670
543677346
362504759
473223688
421563135
507618765
467900705
361043181
476289240
995015731
41347997
554605963
549195224
508586731
349396425
508586719
553110951
616438346
364372957
568292457
364732267
425763216
362050291
245660928
267356325
995021010
455839295
423329183
537449595
590694971
262839333
303444547
593388686
549671460
188685240
556288431
555164183
267915046
732947723
539906568
553895873
481035209
549444060
425744997
362506738
411731589
429315816
549799897
549800212
283992610
555796823
556127938
364653404
411742391
364400651
256908958
725420704
860535596
606148363
301016735
549768187
533278841
560031813
873633604
721148889
468778902
556465754
467150998
476371194
9034769
614207846
133357908
419592960
579902857
553132193
507741549
409035910
364310175
412049133
538362664
423162118
863139448
511724953
515081746
320862195
861123806
549756851
539028861
874021266
512120355
423458694
475007224
867348674
732521622
410592068
511966747
306925585
871140538
554029622
364472747
317820428
349382692
615182638
476286801
267445371
845069053
419374657
360615083
346769712
268752413
278833061
273770037
196241855
701377868
259721645
419566389
867235617
409102599
471259210
361375956
429279244
543697546
861643701
871165409
511887171
606801326
823450215
361335225
508821158
549195695
422147420
734176754
549877757
664591124
580308877
873570881
381757565
261513469
423680497
872275902
361134386
513673060
549754441
622024279
364483117
725343794
361083269
319988647
210598928
411939638
139609350
412064344
536035996
987093417
512095870
406933329
425711530
580002520
244199148
863249931
549195349
550750983
364635830
549222605
360843502
360777212
610379012
306408104
871475937
538932505
515106225
535768195
555871127
305514717
661767620
269353504
559318884
537370263
422246177
360607966
511964792
920645272
364630100
424455007
611661782
562090069
549978792
553798235
556341356
410631297
476084188
872823807
468948453
508800161
872813100
374701960
457486379
364404183
481546859
476078318
389097052
364161970
514257163
724142041
259482806
549873026
339251114
556545912
860459976
553815263
425771432
873629640
419193136
588467639
872269909
362445934
872810411
556439090
855487722
348399646
576937131
538519847
427491327
511989977
616193375
511458739
364630097
511966717
511794665
549195437
425746062
861123682
268299235
560445036
411986659
278865813
549851567
553898843
556378736
549094991
549904727
551092135
511967680
556131356
298419973
361686105
267971578
314223556
255258191
871142217
545911494
267353122
872577298
551093072
511972424
373433467
257737843
406711311
472357383
408997878
307878726
428817730
993541466
411993488
361334619
549214437
562134
346756621
938561080
214913025
549138600
261932973
549209702
480518873
832977855
873886152
429310309
511980700
549548349
364346764
512033446
555787977
412105083
476078031
409071174
553851301
555783676
555075322
269697144
361336463
513677622
476075982
476381285
362506521
412072247
42632856
268229368
732848031
514906090
114300870
346379704
511963496
508509878
324431784
361331943
196243512
364692600
208935141
364399716
588395476
562464948
364399778
559966195
346347815
563317648
562260332
537535357
514525220
512783630
422274391
514038544
510620665
423677687
410620647
423279190
346351923
362499525
412049150
511990637
549873064
553865357
360666432
860761971
348109512
616435529
364199566
278750700
513673047
555076563
510373490
258541047
361039828
553836409
481613546
614203104
556300722
556294914
423278883
871140702
514987565
549094751
789716287
724141126
411940511
511795006
7913438
845164388
579902647
476075902
553812156
553895255
423185390
267346577
356490315
765698929
45476219
211342597
531487908
736733243
861831118
427907658
473344367
349388858
609953569
872240769
510476940
549758923
729352928
228323951
511796621
272564684
268248075
362446607
861838137
562031057
273922406
725556179
260490655
549709884
871141541
501322405
873823743
481565881
421395196
510378421
364376624
508399402
361034639
362446544
422301679
366663358
871537075
380263536
555162299
975848641
560028634
537449863
732651588
223121684
414394145
581782673
411516273
608458294
458460362
872898161
511840000
975178947
857096489
476079295
476252426
315246383
725545374
556288048
515135762
125793565
364542558
345858761
860755412
271467635
614213612
512183985
510604701
732434231
507019221
466860423
423883554
425858688
860588638
547124860
429479839
870374739
420877590
420736451
609881151
421233269
538364493
601732402
362481360
560088865
995003380
864455649
290882731
556596389
872774679
873672869
260028517
504285611
544927321
453810691
425777994
709722369
575315474
549221339
411566618
476473946
418479720
510740233
553918654
317687225
268224635
550533094
550669035
425763717
197760343
529471687
514385633
530578450
409071582
411927885
555025150
508558118
550558905
508868759
873015519
259676054
861371475
870469962
500563614
514137262
855795538
361073078
858342059
412085913
361971961
861341889
863139121
409067467
872163398
729080024
811525265
606070024
272496397
864461687
349509580
511964406
506367015
476103755
339009720
873666501
268074095
872992632
871535193
861353100
268622040
861703106
613589531
871920167
510624917
531455292
553792441
616878573
510636254
556603969
414482804
615336439
424043207
510588431
504277268
616861587
857686258
478389564
334639086
275582528
423136480
549830453
271322882
556100353
559314995
861354017
229092552
270329534
725412122
510436052
856147432
511990863
362776949
860760113
425695482
425689155
860754791
574046410
556175169
511985763
973769649
608980582
270705534
555780857
254227007
425746046
406577760
969468699
423432744
615835557
861358891
861203103
556337220
207553393
367292569
511966876
549755552
364343833
249471584
348589211
621980484
361125433
866169749
476099027
512008099
511770329
536067292
549879347
423458766
549095029
550781483
754984282
421078230
79600196
230211316
549223134
550559397
254234090
549148290
364632172
476477915
872810499
511723529
362448042
508420164
362426801
514994467
549560284
995018605
504220095
511966867
43120051
41570679
867566463
511724464
268809244
532021627
511791133
872998701
555804186
579904812
867210539
560010329
409097016
362502744
514505034
811895277
620079537
407403431
126860092
419019709
362446428
553781568
198806818
299620429
511794962
613625884
509831443
360609704
314087469
550584714
554928442
556174326
588430454
513722005
661890084
411929984
360591071
425705107
549221975
615718739
476080123
419642275
861154867
606337562
555071340
871943874
380619294
260854229
556297250
535906813
511723741
536276664
859827860
511993776
549218273
863140171
360719121
593093294
422219627
872717068
550955948
732562063
861153629
512991378
364200009
364383607
481709388
555385756
213510572
550478787
361332335
362506948
919816362
184787008
550584058
196026056
511946796
549800212
872905731
556603297
364409787
511781692
882194818
466947598
512120140
228326945
476381789
274315485
787211685
511625766
361650340
560981185
816956430
428978723
470424373
409057134
556227593
547622251
207036651
549754364
512036332
412108468
341309696
360632580
549909571
556291108
512097336
362499705
616843802
324900949
535658743
43590913
549803100
408981185
279108917
553900773
361043181
899460390
361137268
846754964
549222603
649159001
508420129
476081783
481551593
605895697
412020360
473226381
649982155
861463094
855818574
412071902
424270482
255576754
268223654
423135531
552771887
550958340
512080698
724141821
483341171
550532253
872568148
215096278
364343646
406497909
514966016
228351903
362506558
9145811
505859528
860762628
556135859
268151087
412018860
766217990
553840357
361762831
554939651
16480101
180313486
362291502
549873120
412104720
423458764
345929703
549758439
560694060
412076143
549877758
423136011
553843932
860581247
31852409
562441996
500522731
512150422
475961268
303910685
191483169
411802814
476482469
536028196
873032806
593388422
549677234
425763651
271306289
590333237
476251767
476079696
606675487
701373427
476354399
268228744
861791383
423437462
550005908
655696209
476143243
549337196
995034238
579701512
579429610
364485695
999664756
412830943
267353924
579685644
559973959
476079695
306423958
360757577
132754829
511948634
268247737
256094933
511623394
511791321
730659385
364476443
579581813
361051729
361083316
423979050
579905750
860769851
555092465
364159075
360739847
423814123
556315565
417872203
508807543
536022183
419214158
361181828
422545728
362506355
364523022
866706827
606402907
531460558
614308023
724140733
974687832
364399846
125861948
366779683
871410536
553897168
255626401
861372439
834932684
587087190
549492849
614197648
728441255
614328557
514897955
472357506
861793123
853314896
361044675
245660942
856222570
268224451
855490117
860759030
606347434
555113926
254227983
374699942
571290284
362493730
622650473
860788819
345984207
655698941
549219850
267348057
207487956
556135728
364348524
615349626
363596231
748115572
514518811
364343245
512185289
554326330
514134768
243970567
289653342
549378072
473338670
361655412
196039383
555064802
424043163
549194524
482005594
364629969
214964971
267928480
462326044
361173317
511969329
409109761
412049134
423432110
871148865
361136666
504522344
306428670
515010212
993423058
549799824
480522873
562462492
364349516
183241758
870259743
872247279
554953017
410337328
423132600
553767398
362298117
345880670
360615080
524648013
864494881
425744934
349466066
157696180
512035024
549031430
550818368
549836294
556393996
199093396
733103261
549872220
723022843
532322121
419207406
995049462
481625845
510642337
422343896
550295163
306424675
423136716
511967672
273194178
870022640
411734207
549776047
481453011
976265080
260849509
476114763
588492828
32323560
508372703
511795898
184775071
476352797
364481165
481922639
841711532
265111543
272537466
419541939
364329437
409070772
412105427
550006877
511966839
475549642
615831373
554941420
421408846
425733498
606346348
549798980
613615542
514907289
345191997
508859700
280712981
233079319
732835772
268204753
861971742
998251198
409051944
973138585
701034458
554946496
475095912
306498653
423136902
247209
511625010
82170059
409195653
268218359
772181233
549797727
282842321
562283232
861363858
274992409
725190765
972611895
872891362
555163825
550589751
423405850
512025549
409033682
475609399
555976591
556186634
549137303
872256281
414104112
411940501
615722214
364399710
380300631
180736819
425730475
589459119
78650322
481546002
510690614
588431063
363702895
511656662
420941207
871937679
550300063
360604714
349435329
315326978
872235778
361082756
228473549
233505947
556028752
579902901
364329408
314138544
419212826
410329997
362516947
872783760
550795972
549869619
472003129
412071778
621782219
269078975
367392352
419388623
512048067
507743036
360748524
844192028
507101528
549803095
507042576
872428261
361542652
362496069
556524670
338550302
860862708
550690361
422342486
549975139
872861077
254495579
512095885
361108399
552541918
511979279
863133121
873823483
629555112
510640158
555789654
549376590
722125595
511879658
871521760
857888555
546919594
615336413
861192911
588954482
537444051
588556799
551067805
419012150
425763432
268306357
272631284
412018853
411632590
861165807
538981700
562357728
860572742
511684930
579906591
364382935
268204738
732326722
510471286
374742433
551080278
423139966
406733493
871553853
874175173
614206205
511956505
508585962
211231270
676962944
254946149
476076234
314094455
872089812
411991266
555848681
651790324
535905004
549148317
985977484
531447062
560432833
362496126
423217734
549222763
503513868
345752729
857548720
924835205
549484710
862184525
270947606
364481981
855873366
508807335
550766632
476486347
553852336
215417205
549906208
422333046
423348411
511791223
534006321
531344226
410631600
68812895
315677851
587679700
512152308
423268384
268668969
549873486
508600212
855791644
511006804
468799095
362496064
855894402
361186029
360664929
283634568
512095877
269860222
476087525
429317222
882039723
776912448
543691851
424344148
578801094
531468961
511714998
562303015
511458734
195880502
507715508
861485715
556595432
473621754
424267410
502719465
512977290
845476991
362466812
362504467
475239728
412072351
364473171
549849994
557471662
419163666
852093410
420828364
872675161
512132493
615576499
547534786
467587818
469476216
857811711
481923274
364342713
260792145
722137304
849083431
482024594
872221005
556028140
511371418
511970003
361387833
360770473
504221393
550659625
510735162
276383822
254023362
535892391
421559789
556375384
360776660
995048960
423215299
871149013
270629882
860592994
511970389
180885315
361650265
653824949
860990744
476102489
360615348
410199065
43227889
908874310
362506059
511789376
249451352
550822868
421562705
476078290
562356217
114782267
444301472
549195670
848842914
549857560
591716344
425705107
364346781
361053203
260743685
722924699
360739263
364641824
511968570
355785474
549984792
361092757
609597417
364476465
549878775
872249855
512099549
550659601
411807929
561915753
872584619
424310326
834274333
364630079
770398358
364393484
271306976
360755132
726526106
408249211
985330925
419230304
429009692
361394826
462311181
549908741
157497537
614223741
289754976
476154961
268219344
861352266
853302899
621584921
861335888
861271577
361339451
232933342
860763261
550805337
995041867
550011011
543692040
426974585
555053321
254516385
556299738
423137308
556374682
592611351
272612569
514967544
425744320
361542783
843626978
422276370
569658
361612130
425696168
860592986
361550705
362248913
861353517
364202249
511833855
473347536
649157642
732938550
551067654
735474885
425762433
549221673
411948637
861172745
422307208
209728730
871538138
994363782
362653526
872673350
504837269
428979507
362489190
650252914
870403333
573276148
871158682
871535246
481911667
554944300
364338272
362442399
268150986
360740443
556373087
556028736
338969335
268238978
361212986
424047036
473630000
550562809
268304137
553849029
261891541
223122170
550558498
306577462
873139052
787248849
538382972
282997820
423686563
364033852
282861418
306204550
872820156
591502315
549977970
412094855
481593930
423886671
973758732
476091264
604791364
476079926
551062357
993445543
315309527
554942809
425661966
258640809
871151153
411939910
267453104
412072732
474952505
364485769
476100752
427359555
361387458
347919118
268692701
549686328
476215208
600263116
364687492
34366872
993546309
424042070
861173687
553941045
480504437
362927419
556483506
453729992
508821552
549194745
527242092
724188141
512158830
361052107
994316435
409092582
993537192
423369433
268300116
512150168
422528162
550008485
