2000 100000 77
994319572
662655231
630758854
632742167
658455263
714685642
660118356
121581092
563373527
584568498
182788597
584296740
561699547
632759461
662506916
941147490
939236510
711190761
640112786
579833899
584085818
632509915
951020143
945380219
245318864
584024298
573151908
658852935
634352135
549389711
713307425
584315153
632569800
635600724
585789495
392793728
695416047
569594241
636572310
569388750
696142057
681765195
225530146
707746189
584722431
658683396
665922775
658467424
119985956
657686966
632576088
659669704
584215092
584030045
238986242
697574460
880936577
656268832
580207696
748150876
631778432
180584187
569783397
657559425
991397108
124689906
662552527
659438222
658538533
697618674
632810364
70273598
583940785
987705495
658338671
681811199
580456160
121433283
584036954
625308348
625337892
662434218
580958027
584193064
697819874
587634374
241861555
121996988
662177932
584026356
246675624
124496824
626740319
656678377
241697596
662046074
635281353
658635162
682084793
695418541
245747780
682139041
632660313
748200586
711398825
632799925
695415764
583989949
636890280
634616543
436097063
695641197
584013794
240846194
697702904
658467341
121853073
569836929
580087673
876087131
696144013
696138000
965758514
583994365
630541283
658504488
683493813
685598127
695456038
395897353
253672678
578753815
632562575
579935173
696279508
366550386
632674874
26796508
626828709
632754073
121581814
591962999
659530213
683524175
991174194
580117869
183942132
397865621
625261288
634337737
632754310
593117750
660371211
579704108
694148093
713579083
584782110
631962223
937554652
632840179
670109372
228068069
582733134
569684673
228959539
626596519
122031192
630824257
748119137
393017653
494508871
697577283
584034070
168065915
395805439
660307704
225904362
583695310
489186535
98769094
563435210
581254881
656723051
697122885
121833462
574161621
584029249
695827107
687333069
632507339
582983718
376600979
119658422
667229597
698082499
119757536
121963151
630503436
584012914
634599373
630807429
70030175
634612483
583884063
658683098
580811830
632754681
995980714
246093712
587184558
634371358
337851799
657489342
634564842
634371342
625307570
584754523
603853144
625310864
632556714
380934551
700247954
636525633
121833107
732500509
993715673
579689901
710968480
584379125
584946274
632660678
225102800
629589227
695965919
713593258
570200072
629592869
578494455
633838055
238336961
579147581
121868211
681883479
698979100
626767606
248371235
584508102
549470781
638495669
244657043
581256022
325886502
563430146
632784338
579934981
484501341
581237985
674328675
546501129
617814121
583944608
580941278
583986588
580135770
636482030
240923659
632765088
370844548
662833252
436415617
875472299
631622864
625342095
580086975
583269576
242768746
389261081
573789804
582000128
225101524
360848227
635845255
636543445
634345756
717127294
633839968
629591013
632580442
533432192
584504774
242110678
937522402
631524634
696287196
659418151
580506900
564266533
663906764
632803825
662839180
663825503
584736921
648555429
701158761
749548455
748234786
659265886
121831357
625245219
662236385
584558255
402557198
748147817
662646902
594939245
402371078
584026781
626785773
580116175
635279807
632754671
556478288
659433197
121830845
197618126
713786992
578732126
660353705
626534073
632576085
583900129
996499334
396002240
584214507
636482881
341740119
224267481
993023600
503118183
28457129
635620357
940030143
584786691
121434352
987784027
569585745
748499107
180072975
579998242
65691072
371672117
578268325
990976569
585855600
580090164
649461082
244042795
576332891
158707216
625307649
489172024
583992324
995196158
625742031
584560470
549473165
634564767
659270411
488372940
578593267
658507299
632562197
121835657
569608546
701797896
186866594
947099864
579220680
634394555
995059586
682007068
563463333
162427012
993645926
709416904
634475045
698057923
248374762
659488566
987757255
945490264
273626291
170961217
697500824
593120719
327673420
121284885
659252900
583993036
636220138
636121733
696145842
117541457
485191844
706641851
995304603
580215277
636178605
659926095
394424230
662646357
659601309
656694091
658455106
121854478
635889178
632510123
700731268
635976163
674432348
239148583
123270486
748143759
940042226
170848083
122036514
658455108
631628106
689842549
584214931
695326634
634175134
617343231
625618880
632762312
585843942
580088552
963069836
584314054
711907122
569446571
259991068
658455125
594605492
629699033
584517350
995145521
659470706
604821664
618453816
712207801
585048465
635594564
658507290
634469642
516619231
662829784
697022066
687029418
660113754
579976349
632762593
660048760
156771571
561851935
963061990
993805964
937546508
556613680
583554307
580086135
632507577
986523766
321836174
626823873
996943932
634272375
626784939
625250780
157495742
485211822
584924443
240341888
658691018
322944019
349172129
634393761
626631609
630779115
579294151
632324302
632509811
579701453
626718625
636680902
628314362
159633103
584009647
958196713
748119802
634472871
659469686
569675330
983021417
999956696
677714001
372316500
952664589
659981347
584344266
964264451
276627860
254719851
673818269
579158777
584009647
723240468
950773065
644868248
396004691
645728280
578718276
120983062
658299717
580576821
634368831
657061088
696216788
587162973
634352004
121153518
636793905
686373002
632675129
995305268
707559522
701071445
362770821
242784552
121966466
634638924
632071965
121867953
581081839
693111345
981787111
632770561
697860073
748150052
584783335
584013404
658455108
697608600
632754653
165069066
119986234
959116713
697614929
995858042
373892343
634394101
695415979
634612196
656704454
563370502
632580503
632722579
370233402
663364935
631386242
564358065
990864829
578327192
580116634
656716098
735641168
697827818
584784479
582739669
634443028
111628244
658504881
121568825
239679913
955436877
578731776
123434610
993809271
626714542
255414582
696130753
658662967
634267543
503103037
996177515
400079944
121839983
584737819
748185253
690319623
657260454
583594056
120633414
683153176
124519692
657685347
660575703
634466327
124523638
662579666
634564803
230412547
585037620
697819877
584029227
700592410
245867156
402591191
530597840
584026356
230412280
504109351
582713167
625340872
581047314
224707559
242387252
200156181
629579264
658504881
958161401
657551772
729758990
584010087
65641774
625672830
632762315
580208367
632579165
365481202
649758723
625337885
628929326
945460253
636680726
632808502
636794028
673728986
939928604
657544866
662705223
584030004
660048765
123627775
650007635
585501710
987882262
636603282
629858409
104073240
579706616
748453204
649948635
660043594
184466485
625323338
583880735
964074372
697760236
632566048
121836405
945488520
579928341
965570667
67852073
584522592
569382446
160129910
715843855
186994089
549494259
657378189
584014566
584516604
580946562
578530642
657514018
509389608
987771397
392635634
697578724
682011086
563466771
634473915
656589833
121973505
502464930
677573408
697388381
435160707
634564983
583342140
229212328
372518680
579692023
389241279
635975171
695892377
248357989
578730088
634276808
587171434
579985293
632786451
584028025
648549519
658347236
240761610
121961350
584173428
631214141
941750576
585628093
847919736
634344137
362309723
587173963
940300641
657372369
632576519
634611554
634447229
625260440
636680725
994184142
658504803
173330204
995218335
984877572
715839275
996960152
280077638
485162370
583501227
695417808
228265080
583936208
631630825
658346608
124534122
488876131
634611983
647346438
967893487
368494828
584022804
564250272
587864727
662180853
121528135
583498642
239168929
940010853
580234612
717405440
699812411
954828739
582675433
698124591
944692206
580116391
594606006
659425397
583883998
636144175
626731330
400008841
580087770
636188510
119931246
658455123
579612707
395856514
882709968
393965294
660997666
697300506
627136808
563032942
394395877
634523483
119758335
702651727
634611968
121986673
583960620
248446962
582844442
993014056
244042734
632074317
584554789
168407389
584029782
695967701
634475226
950059933
659737036
659546821
578369150
627348835
632808326
579703671
121830233
632576402
692833180
244974345
584172858
636254908
225457690
594532169
715995586
636480259
579692790
651881143
632581471
671101687
632662462
947277313
659389286
875357403
584026554
677027225
705757509
627369870
121581551
965707713
695668021
632434533
584176346
225525271
685753532
584029964
636036379
626475987
121996932
85693078
697840589
229767672
635976971
659438652
581240639
625318346
248371208
617342523
121579691
119751231
634514143
628228523
659252899
657480076
634033137
500990151
124481787
635289843
748206075
245841641
579948277
700561985
635903253
121990309
663638754
159914996
659246558
228224981
945486286
580206941
119997430
658682560
580429344
664349738
580941836
662395966
695978092
965251064
634539151
277035719
579699541
682015258
660301864
656705990
940899409
991176165
658685829
580953775
579700845
662649721
595020811
636624437
630772031
65803299
584350123
688964717
634393795
503072368
578832926
663144673
584718903
656775921
636342580
986245541
579293339
987770719
949288631
225499458
658536945
637663264
696977520
582706748
572157267
632404052
583390606
660301918
625236301
656610603
566637993
567725710
121581639
124165720
629555073
683491454
634467592
371943373
628314053
634395198
122031576
366837015
965786941
992697043
737216278
635978357
584013466
631965482
124527229
338696205
696196074
982513363
672075609
634364029
636189682
659266263
713351198
958858156
749965512
85890627
660019091
658504664
632660575
696011467
634611940
668323511
695969677
634398811
388786742
634513869
583991771
580949487
248358269
558124333
119539125
626575626
578536945
593168467
717999353
586620603
245472207
225079548
626610187
186909908
635844059
580116346
677245576
660113773
657587796
121954655
581041886
696754288
525912679
662819920
683514021
713828421
615223578
698151303
632290926
663146516
584030002
634272380
632748684
584754030
634525420
584300845
697068570
990275142
579691982
124438089
636207101
660194434
156327718
239416641
120977612
703780957
717058688
645988270
632803611
245557769
584754626
964102102
632070592
658331383
68983771
583993270
580205156
698987631
580099175
634378387
634541937
632434759
584615574
697389823
657375001
658556633
121867245
173705703
122000348
715912251
683340791
658468050
632006054
625249769
65495870
583993097
584874353
634348847
119903921
634599329
683150616
631480216
635472400
636188579
549470791
695478498
634541724
581056271
632424883
224255264
946789268
579958678
657361238
563032971
573231071
634394182
228186733
657578279
682467548
229748592
112346373
636867993
632812381
634470946
579088076
662835346
583988098
584029937
632715670
389347784
242123704
632754067
614910492
584034516
634541718
672855618
485200546
748148331
631674117
695383461
629870917
581256081
587184507
635393919
634528362
660478169
695416121
579709904
661674861
659271959
579692804
327693453
696945641
634294733
120979064
632069613
662828221
579692055
631480654
698133822
697036269
638072419
579681661
950990345
660614881
245103421
580114280
580160728
634352136
120033577
636255826
682121936
625248115
579684114
579133047
124544541
549460805
671780966
625323860
434565916
228067406
248692829
238924070
229939625
987373094
662577477
242094614
648536167
964342417
580939386
561710983
967880721
122036485
634519372
159210388
637279066
584406033
121968639
660113627
951020196
249847569
185110224
632762218
484503763
121650174
229750775
580055132
632577531
259259088
121829864
580234408
672919849
967878276
995572351
584014650
634368198
634606385
338493995
500343197
999636848
584034259
245107286
701528632
663644604
121987181
587338545
663584005
121960190
940048272
632785470
649558663
696907356
986245541
658506345
985173562
580087016
695326784
245808026
587158703
634382213
660462873
397887019
632452906
637235536
604041931
121997032
167929260
695358510
583757949
581238248
182715940
570674845
659826604
121990929
632450520
632811954
649899360
583879468
626510170
991447384
637228126
626731596
634615850
581048587
662434489
584036077
634474777
389259916
967592989
694127241
243112346
584446578
173073178
625249053
625746656
660379601
123555554
634609506
632624196
583516816
245176571
508242754
649250091
939040482
634393803
695455925
313468583
584022785
245816346
586843469
725379445
636186235
276559225
111661628
591854661
582732926
634368260
695427391
488877156
584028335
887436698
695418545
583341727
584210044
699106690
659530229
683341773
659981363
632425209
697394830
580591436
634049652
949594001
235126604
700253555
659981499
403062084
737238934
632608639
626731490
656648341
632451922
659498818
618493578
663118655
187023551
625245119
632808671
605291241
658481214
121830155
121989975
122000316
634495805
631964474
634607889
119878277
635281816
658332038
395902073
694122896
657519228
246036920
658468034
562063628
238845373
583143190
584925265
225527294
683524187
634322859
636022652
991019061
703748044
660048760
632608620
735528260
221817120
229971745
656500775
632510132
662434392
632452532
580204346
695663277
626784385
66067915
580942536
583141837
634528399
629806614
658553217
395617316
634469744
663122957
242202668
631710022
657530994
636665834
69076453
121997615
717406444
578577995
579701899
584009975
397872604
579998962
634527021
573926000
584036953
374887698
584315016
659456556
584308416
121578884
585834202
561889656
119741908
120652296
118872438
579706239
687290318
660700281
967076539
944731238
748231026
632078261
580482457
584035855
583969108
632762312
743987766
658464689
386965914
584834862
584028493
695420341
696666805
948106814
242541386
736878492
992802305
634599040
173206830
626718858
604113223
660437996
124361900
121247568
229223829
187099272
695418536
584531553
530626635
399370252
733806057
579155530
634564844
123334529
937672302
690330077
636623608
634564714
121857644
580856225
119657605
660121756
658430275
707753936
124544609
658504489
632801212
993659273
634394537
962022318
946336264
659299645
658506748
583938964
658990096
631624864
634564870
967979601
380862756
659642916
584782062
121529425
583995886
627849236
584013930
625341295
569949758
186914917
240319489
711256266
995198870
556149338
631633654
634611975
313253173
659271446
634159399
437269148
662180259
157837292
170065993
658507955
662653789
224787757
659524439
584025445
584043927
245411310
696150165
278031868
240319550
584735331
625340855
632612945
671828454
630699806
585048465
996764367
659299806
632673497
67557940
580098778
348183582
628233068
558078067
369629249
696011854
603073411
634560322
632452593
659826826
579997316
238922384
629590054
564232902
583335482
244697621
246048285
964085396
581255752
967676409
579282212
594515174
695892438
626826257
697819749
696285641
648602186
591938300
442080755
659498140
579934979
159524711
471764914
658462321
949598401
363291377
658455116
635960522
170818830
689766112
632801424
636179906
625074929
632686099
120256435
686717173
700022978
632292247
634291796
957813293
66333365
690365276
109369102
632580305
186923343
681872586
943706258
181385368
370830097
580211672
584008014
651857157
645662307
579693177
632576523
584817780
660129891
706033348
121984415
634601754
660194440
158143099
656590090
987530427
656507151
662506825
595327371
580958608
579819330
567053070
579610938
651050464
159310311
580105920
581814707
329142347
563309847
634609510
580958568
695976691
947927926
632508710
121866477
580953700
659595363
584218126
636526996
122007186
579703219
987597392
119577454
179717374
715849892
402658383
991172460
615701182
580952488
940049535
594991391
580958272
402556402
119652209
584178980
580235318
581062850
658335873
584650190
578317148
580097851
634524681
121970023
578725585
990874496
578574716
580577499
658490150
255498846
638516618
695805199
586886621
683515720
967848955
587162973
356918115
634616270
584014438
564719168
662183791
636626481
326580265
579830294
563510867
988950086
626511288
604057682
698177865
579958355
994394061
695416133
121334543
662509288
583991274
369294728
158428617
119736718
583991825
700655139
966690542
629555148
656690912
625080130
116108317
686758580
662746031
111670740
685635312
671787823
656583573
659425503
634612310
395579915
579681646
634266258
632812271
658324283
659274165
400055443
695416069
634252874
632423777
947105031
748119140
626513092
242074724
625321519
939540311
634512985
742732803
592859099
635288006
121580872
660213334
636670871
951318866
651960238
563300295
632621888
578536048
583327804
950348847
121409602
697860591
942181432
121990395
632762317
632580412
119896417
584029953
632608639
682133401
649944895
579710581
636532274
519926664
580945743
659456526
626091346
632579126
120790888
584788168
993799539
749838247
587183692
595305397
635973779
682467106
659272732
563369679
186768301
656730498
121865116
579934678
563329042
632451948
659699695
569596922
634357288
392027916
363271597
582809134
625350006
632077460
663108644
826511915
627056307
580164317
657521541
662389619
563359723
629555200
110751745
229737325
580097837
632069243
578253869
660352033
658481191
579684114
634611243
660599392
631479540
256035236
626527778
697093913
696171670
580957760
504259311
632808394
563473493
657497594
121868723
702285396
632212399
402550004
660066808
556403067
659254461
662473440
583960859
671161163
632812126
625240992
711269688
119757650
632784905
584030019
658682556
112105835
695455557
634330387
632803841
584026633
634475257
631517011
626068189
683524846
585465805
583991524
399313241
696140083
991014483
634605768
584003767
662650850
65547521
373992323
187439830
658562014
669148559
580012637
639724840
584026311
122003401
703921013
581033724
578340821
615211642
635278858
696226104
711305484
632226975
951023999
183952563
593103187
659456783
242030261
632378515
658505155
584003760
580374930
743978614
582772365
656590056
582786406
239870512
558580969
660442431
988861411
583335482
625260572
66144809
696143976
584444271
658295169
638153729
225135070
245758024
121525075
953012785
584562531
121997697
368667108
672451714
949959019
646998075
699003925
186864254
282896165
634539562
631779692
711054922
634357615
582764389
638475030
658505155
640476106
677048836
944684334
580085488
159210351
583541916
634394362
224886701
225540689
533800746
578341476
945456519
83189681
993736153
660301450
697036009
632749420
584033389
945456509
42858107
110430187
699179496
928863757
967904723
967802160
569436062
579935343
632576997
711115677
594529737
634612163
657376420
581211452
626613435
69178783
625204394
672083655
121993915
584229543
584026343
247018808
659267004
579998866
583984178
658687839
116165222
634312170
711188922
986766038
626593483
700316799
64280566
659592427
626765678
999453899
583130066
987597356
626726869
632030612
672957811
569443483
945604742
242994884
626507600
625312292
584874535
658513753
631913227
696137617
584733592
485987003
579592998
632072873
579703642
658567601
634285238
713103624
397726784
658463223
748248997
124902686
582713930
248901292
649555174
659246499
712738148
626616682
370024205
994172749
658552802
662511950
659271374
625468223
696019083
632576999
573231422
120331843
159890923
659250710
663631842
186863887
121993588
656507335
121965332
698983370
157139305
992803011
579687152
939987175
634391538
632577753
121580874
366722210
693948167
657393989
580942602
634564867
634535811
634605209
626793472
604428041
939352757
634611970
584612960
634528949
698150985
631504533
4230561
580097871
632580290
595023386
582714213
629666777
956387729
396323824
628230516
494727996
673797349
697819921
584029964
581259099
595241403
579976735
628928080
503701544
632032508
121970087
121786286
656729985
121581273
659225682
634493498
659528667
632677681
501704861
659700191
121962730
658486320
987682636
625314273
578941910
749610840
659247672
657655106
681774813
695967933
584034650
395595798
964097369
579973230
240847868
625240986
632784777
634606694
967982365
993860068
584029903
632754067
119629163
631617254
659862918
967947556
280239036
584033414
