2000 100000 100000
473978842
75387274
987977099
998956827
560440658
8867674
415659871
8804078
1139937
496725436
476271715
646923293
119643994
136264870
527588686
499946934
461200869
419976581
157377081
161553624
283053988
476098880
499807020
917187538
474096646
414373553
20498611
499787881
471879932
120959896
136110990
448337597
910557940
354655473
547227388
472449227
140625313
595882707
62573757
515627872
910560044
867565364
497460384
611483325
144302118
156221509
602440429
451265919
425704392
446040303
649792360
611907088
20068516
414309215
203522626
471878702
217780843
252126072
502642219
498731758
469746514
921366272
476412794
619099938
62510351
408764315
498720563
473966275
476118058
136042132
469814547
406206573
13346803
512430366
294209292
497392050
471876436
998030666
527396045
483955270
301207360
766833885
530391220
21320210
670494296
476090142
93425959
447587160
492280324
217515971
30165248
178631762
474083972
9454234
469278581
476284522
452504677
527993614
497982086
992792164
472681864
997680177
415659804
670173291
425711652
497466666
476106942
469709049
20058466
451308814
993451234
419497235
612098588
211622733
530762025
547430802
350796015
474041201
67396608
476452581
565316434
563676904
618464657
354975578
406998053
612371582
472938463
625554263
612007680
761371575
749266956
476412662
184200926
669731868
471881640
425681126
618753512
461976778
13247204
416511922
580976543
353454216
498012991
73035097
73027076
499442071
618848997
494086690
907534721
469707920
497758001
611903590
167326736
646816253
20394303
706485521
421608705
416525556
421777381
156477843
89363038
9378153
617535780
9503311
42898121
612136941
575164784
563476813
425368435
414193028
471878540
472876457
306435962
497994998
473766913
596294974
157970908
698753587
625493779
472470855
450046245
472665404
472931023
406138162
469707669
22677065
424347488
21352676
612009974
984083469
425539986
471947608
416796083
980826540
620606482
416861389
447587137
169471647
997785116
659264428
981413802
522735281
517467056
189740108
407099040
498964995
471915765
421195497
28646425
403006294
565075926
21319775
499941416
996060335
22745651
469333084
494058296
618641263
476253092
544162693
28924509
916862444
294231667
472629358
20303243
620362270
252257147
562536078
982529184
469707624
449072063
472841452
651628894
419661816
161464928
415660205
469815825
566119028
492672744
9636465
21387054
971474009
472880229
415666695
612419242
75384236
473041904
421299443
499959449
743317654
123516403
628271184
472665973
575998639
203147241
152457560
476466947
771035466
620991849
162141988
1683405
472926396
473638896
493901199
917407406
425749489
136324741
448327005
430674522
308474959
414668161
7467039
415613008
295665508
354870785
408953190
648059185
20303133
512435414
563171084
307871584
473766574
130759027
626664051
476362239
473288460
472200227
419056032
292470815
640637642
476105690
564986541
445025049
20307214
21426237
190051799
295570584
574534742
40508082
416496753
416559011
474042012
382047055
993427170
13269951
403039215
80167994
152396827
472670741
874663477
610190657
498029835
26370840
499186479
747846240
564529185
446796090
476099528
88675037
517480664
476521265
469917577
611915687
996572778
452401562
26714077
21348718
414313376
472841961
473784778
616598682
611886563
497453889
492385033
471949027
453614383
983576891
907608630
642567858
420494691
406203369
474084521
154091044
19729687
72735681
634565264
407012035
416985439
665729351
295273288
498720524
499211594
495928450
158133196
386993090
469180608
510975780
298869988
476501987
56077625
418331722
406196406
910453965
455078364
139177841
499932674
982464139
406226651
596614956
355389723
665906318
344840576
601176922
612432506
381840143
462219251
471892215
611494686
693816944
298600352
455264205
473965032
384362876
420209646
611459858
601166152
442797824
416384635
9497243
20478208
767620643
292436244
135695407
496082603
88629967
415188670
421473602
548090246
21441270
406226757
471881835
424915897
422768685
9502990
611774439
294090104
156327963
20438882
473791897
824216308
740198121
462474820
499687306
612441866
441984748
419221618
416497995
968807092
701655668
462477446
863585435
471953015
10331938
473763193
416840191
416933390
539229751
211620696
80133180
659658425
476276611
791919662
136035723
291984499
749056717
26230824
456899405
416553437
473040864
724603244
647963684
11626345
996038275
420053508
474042833
993447704
416562526
563476971
302807629
476079775
997658808
546887447
421579752
21384535
492416631
746222022
13247160
424803906
300845185
470543337
469222522
112966681
294689709
611899836
912943182
20079170
26636358
472468115
470305766
693794925
353520715
113246175
614207170
402576008
626203687
171709619
612788753
844757053
474034139
379148778
456899404
475464778
417887981
414196719
497985957
470332708
516810873
563664611
9519223
982588741
820749803
992902032
472771256
73064882
416564580
472670676
476109401
408443520
9503580
974102790
619046514
518271929
993344307
626565046
420230876
820720484
387115738
414064908
185341250
820691628
437541286
156223039
136091720
446034044
472955432
140668239
308046735
872405718
353450352
472924214
419936087
563569245
472582774
88677165
565022412
308021119
473963992
203937106
483986464
612383708
13630926
419785145
156296728
473647455
598841764
547226678
416386125
135367190
13258284
611494241
499939279
493858541
471947625
626664289
416506500
820618006
62521934
498027012
26711817
611890356
445973482
135749091
658952700
25262106
472955572
473087877
170137729
476413273
469257597
398955808
414428044
451552333
171397077
620975364
473767409
217779554
515683256
21354764
66580537
463990730
88674453
415632387
498239120
759948773
10283043
470332709
980472481
303917381
477738225
913076207
566119880
547454432
136358491
476303398
464789004
113609059
300554968
565927511
497639518
10808889
387549915
472999326
474038226
294098347
472774488
403178103
406229456
472451577
472955389
665941528
448420887
473951479
379837503
203503412
821015225
566881903
462513430
162134925
992911409
993482807
472811610
17689184
469552768
596376018
611494188
353992375
473680929
492287933
611497083
216663270
595869877
472051220
559797913
216058211
626529839
272776987
516743588
20056263
476090458
450822129
564346665
149654407
355384462
997169032
492431345
382845613
201845625
134944329
463048904
981684368
425607184
512203747
26698217
414663165
615649888
476412951
414331596
499257593
25977390
777175365
472050394
136038501
191021820
9456231
566632800
20456999
612375472
472676170
410504722
625764583
603903520
547180426
9501358
499816698
653388963
456970783
743329067
387115627
611423731
445872212
566168386
419959071
155520869
419059614
216668365
446018380
471883188
459371469
324321418
277906249
462477815
472665568
72529368
563476975
993503087
67534364
451341440
406196123
498220312
470330989
492421531
820719999
670068221
473901775
348782904
86374253
471879951
415656179
189921326
300044029
462514001
428917085
135693497
161454303
820939320
167247255
474042087
364358047
419928856
399107186
452418651
469704140
211669574
266806744
416936258
416859125
646843153
472955432
499723031
473901680
200442494
425379398
499688210
21237984
473763642
696391073
611472198
649991627
181839552
993451172
203410241
970009665
620325534
387013006
20302157
298774021
134030982
308053918
499207418
498109438
183781989
136003869
455276037
469063126
472436882
621055830
622966801
472849488
427380550
11072571
38954218
667469997
476267772
626716125
921369125
472229114
581031300
437832220
398612230
613434851
135366466
414192716
980892439
189955437
429649620
402977512
424129673
109974908
472848337
88652877
499033655
399032088
611562420
18057137
611463383
396509971
28409518
563589681
304638293
471879355
469277103
442640934
119200090
698149414
612591409
134456961
912757721
75375532
996036185
212583512
11609202
628004614
282650000
451543482
473778161
740931894
676778150
408772423
499871018
472379010
498846230
193655934
450300411
528985340
612666625
473856218
422720078
193557230
476421405
11674736
472930260
696334668
416546010
983927280
353312669
343915879
761173185
188417220
414374903
470281211
150021400
421729163
308029418
618515835
615719150
10817198
553656094
414332213
455175604
407092699
670893697
249527291
282924313
450883974
425537377
603821206
472813857
563576810
394358312
476299534
469262932
688529307
997784055
135826783
472192327
66531725
355824560
74367067
476295588
21350594
294229330
113788060
494051398
421197606
115051982
304433020
474041295
920530729
419484105
21319813
410900627
26631019
659714140
498819889
473002163
516503942
447596510
421328720
428336843
562536473
625010788
26241323
468805873
26705582
612422323
920015772
469142551
619041983
353316334
417001589
9362101
476338812
564984202
611906181
64128886
616592190
136111514
611497000
596328746
496590933
212123734
472813023
256707908
566835590
473755296
821141279
156221524
416505909
353328964
889137184
983837980
474098036
604980438
450196889
515151320
476096352
419487897
171399160
452422062
563576736
618628242
21327152
133536546
153547005
618880661
611558302
314243866
385140413
472253308
472957422
476362860
482664330
299168745
421177157
657748020
414248713
339668860
596146373
136333446
476267761
476110698
497763692
618308863
472468125
820329798
136360157
163007345
349090297
170249172
299876914
696364256
296154630
9485293
997886000
450370691
135399008
469450785
21546415
427348039
115091226
10726914
153490716
667889462
700588588
65465156
294267553
13346892
896548256
473785186
471880998
565011705
476351347
211645455
473961853
88730134
611907280
476329355
9508630
26382409
153537399
300470651
492262840
421148703
211930339
416504896
399019761
476416365
300331387
457970445
150250716
456245057
425601231
384379151
26667450
497991422
40474032
419220245
473924115
494593276
108203242
20078503
141395161
566202573
596193840
40894118
20475073
476431194
981571747
469727290
72704866
603846044
211875644
611485435
494838747
515683571
611890348
471853593
472811608
290231011
612322180
476296266
170245805
948975903
472878287
474041391
476302974
184397725
354561835
502765558
921317843
211659406
498192317
611844693
472670673
472316690
473962276
669983373
472937571
419989060
912657004
294106613
88655960
670107932
498219388
11622959
207562698
722719152
473784665
474033829
450298615
203512375
412180837
416507001
476085955
210950338
268707527
472955597
611897936
86246205
548090197
445976042
9344059
611931224
747613545
696344697
611543668
473965527
451318075
130309543
461001995
611899913
26636551
9459823
233506438
20027563
596146609
476296347
317935734
479989186
469262943
746243171
23227121
612367784
498727767
471864714
136039671
429682159
611460281
407103018
499230869
380639191
473763941
300043951
611635296
473979373
619045323
472226381
492273087
418219441
473965143
420384671
659617938
473296257
601467361
476277054
476278071
26611478
494842815
529066211
461000545
62606245
620970548
996821210
611901876
619065675
152817234
929237259
425607929
135826394
21287555
416110876
863424497
419508302
497989501
135241850
117804065
907597668
894108879
471951661
619245641
492280250
472004631
563476959
403525285
469041466
472997736
473903404
304480736
461317610
476413966
473964957
472789522
406196119
376469080
864924085
21483868
471869437
217000155
8795588
384377102
414155512
415663104
20437572
28859912
282327302
767474729
548087416
421529244
997783986
19748644
493021579
157973393
417113194
469556812
447548947
476097340
611886571
929392070
476318829
628324156
455263539
419973926
416518146
320061934
670879300
354043197
464665078
472664929
447496919
308091289
997663621
611906220
290236733
117867442
212757567
26702314
474002027
398899375
471951619
499792695
778337106
26701591
472811370
470542266
410898748
177490859
470279829
620955440
917042592
705631579
847866054
451590875
472844801
270007159
993443137
548159776
470326549
611657624
469397732
154692767
611890351
343915903
304354888
473779810
208818189
470291901
713267203
11638953
982466408
618640922
26696447
416933438
820768438
615792867
917413086
947525572
269983424
547280893
21224436
184334427
476267772
620281046
45337977
26223714
473962276
424727762
150332130
984001203
113816256
990011015
472461087
349015864
723950598
476362183
414309240
42949760
455264738
399017924
114268293
996038534
133727353
383840168
69689429
416496367
997678595
618732435
468781624
496877324
492251802
820685612
313668016
164301834
473591079
618875214
472544519
647964395
13664362
995889393
414582885
830371870
670868225
476413084
469220243
12367935
294103449
294089911
681886751
476108532
268703827
830835066
646952934
416507187
469348175
618327124
659265457
308036642
472848901
503607019
352787006
517204535
354147127
133438581
306411054
149569645
416513901
475295583
499242721
476412812
706483158
29283497
21387058
472030855
28754107
9097702
472777609
611639321
820574432
170245332
470305296
300380630
409294410
68030277
612320853
457981156
821042321
380652634
261812432
513057714
761344198
913132413
456995919
533319055
473755225
421564344
470330152
456804182
474042726
406190872
601195707
408773109
313834755
499787866
472221885
162141466
516972216
456998457
615679968
498938311
474041203
497982032
216037803
981675071
415650229
461298864
114635134
473901681
26611850
476412801
981679552
51621972
625632039
648932539
64094874
993249606
997661261
297339454
620610505
473955917
472050995
26712268
420393032
167235535
497998121
711049691
73409133
498007858
474039002
499938423
820729036
294104598
473042737
618287025
565791428
404696020
21318919
268626241
921320139
473144245
161691956
471869451
421926954
761169948
406719908
416594337
610002525
414584528
996010457
416497236
472665475
499806880
671537138
451552325
469478445
687561233
164266030
414212212
503786221
406945407
420383638
456195498
612041590
353328369
417002149
456459780
565882222
611472776
208216682
601195449
499210802
499235926
190210201
474002070
20052538
406226821
353309247
985002173
503784650
492416729
203941964
473778141
980877115
462485692
451303048
473952584
208189084
981522826
554087923
133400829
406196570
994549663
998633866
425380419
474038865
992912142
472938315
527574511
665682757
620284663
546843631
739627832
497997694
416362325
28854884
26714352
471990167
472851854
9513413
605411643
425359561
244951952
422392640
470885187
600503010
611905943
152816165
484121200
618630783
613906995
66483636
611348680
610907160
414629854
665692078
597943315
152769509
633905759
386345404
913129106
615904834
363536972
646830578
969806193
515683284
451461775
156233144
670392779
618457032
992911663
91235343
344187923
470502617
494051133
414594894
625346086
612376895
442044533
527636129
475255097
617516374
416546649
468991513
476415284
471772505
612141334
515840783
472670856
916358771
476464374
415629081
618650875
476351265
9456482
780841470
615657230
9971493
164994420
476089381
396753994
473096925
476421383
26396085
646865754
473983689
472934720
419546900
611899914
496858044
414427933
424243990
530330537
308059536
611886526
464805864
928276912
554323389
463991153
566075206
141298122
614254078
596298791
203604008
353853823
476318542
596400743
409953033
398910454
907761879
498016516
510879293
473687125
528103218
404340875
472938080
553572568
120581282
997562913
547277484
459101438
167407812
612160327
483026605
472759044
451551774
419363224
211911199
473676736
419366437
618623986
203504329
387093954
12445808
11619821
21327694
471880885
135634957
989995616
308058523
469884117
476295615
407083517
470323861
499252302
407085002
348783111
497983305
415663022
164724399
353401547
411533799
130568712
472811359
747700672
473768500
7465436
154677458
473802309
304491127
282931750
980685311
456998973
473251816
387097431
601108346
473778502
474067352
382843498
26612165
471880210
20438686
304163260
416603870
13337468
983315496
135399530
429793975
563476823
499930056
210945847
997578067
492410239
162485156
290364412
997157112
612378219
620292169
559796212
407998846
459143342
611388090
39154386
19757820
472935520
65489333
10280944
971602296
913279749
406169181
349204993
155452492
471951736
474034247
618632373
611472200
114140820
470284618
548405819
344491645
473782362
715470293
72315731
159005199
421146911
414712078
546881868
560589402
611634102
480189136
982466674
204002108
499807069
161182085
11680532
427843330
496590219
282228259
159044895
67811958
354240300
424283474
80186895
863476135
612656173
620130428
986208624
474083775
26612047
177494927
697365574
9456466
448405046
21313524
9508801
455310446
596419417
613966420
564520443
499913091
408262403
472937435
21281871
67474674
10767602
425543736
417002139
576133747
473784349
560595528
406226653
19901055
108200850
26711299
415612212
62605786
416982425
473978782
416506571
499378109
472471038
26710558
983569710
993519624
483777737
170227414
492430471
602196840
406721592
136933659
298088623
308040020
473965332
673231623
697662560
476100817
414188178
997562593
11673144
472666954
402833842
420142824
711440704
472670668
611890356
499258792
469184343
112545462
620807553
448643322
426738461
8817661
996038490
563476833
910407847
618286186
759996331
863963297
203980161
546947910
87163877
446040323
601311136
618286134
476347834
414607359
136113833
26703090
39247922
27283959
982734100
598779964
11617778
354124461
461072481
415167638
873854876
121013044
6946536
476292293
618460494
406157994
647963463
759835843
470526037
294098261
154091268
460218592
415665125
471951599
124844832
157756672
499034060
414668166
611421780
499838394
625962282
461419894
28690669
993448618
169635678
671169678
469742505
473976638
348684537
428910283
625765473
600643574
470403745
149804756
409021500
615670951
272636730
86904832
997794134
993522249
472665279
406226019
415170242
473964899
451090391
574741833
473049898
471951745
114315834
595882711
414194719
498187855
474041331
618743450
21350600
384905656
473652789
170281735
450369868
28641289
387097423
216671956
21327119
217800354
649575011
510891088
419500019
612723751
212393634
820629151
540002012
612007911
26712907
612320638
873594068
387216318
469707636
353629757
353450100
170377782
611900116
420761487
476347416
499251879
476371425
472925845
619100773
448745787
416948047
290491171
450422189
293579675
601111262
21126209
136450012
828024529
17673608
425884592
419324294
671511916
169569580
820754541
746221981
565530637
21320175
512789951
497755243
722828534
477824780
191031064
449082738
499325586
476097340
472467708
419953135
294112663
144363864
414185328
305899562
385135891
969591418
203525278
382047868
921066673
408444135
611771130
455192489
548071038
628488457
135833024
9347646
515694205
402425476
381383090
826994800
499104354
697365302
75401444
414369805
416509472
613892629
473964794
217778416
21350413
473782506
498732620
19740314
139576804
573882988
179660321
616657180
275161437
474044427
473654465
212515898
459437060
563525451
20360811
10702432
565328973
26703151
354029451
664124712
415664790
21320088
407072535
473987644
407005180
671293711
416388601
25976759
447671032
472666961
472957501
381316942
612875095
136625968
473978832
402424395
612003761
610680164
17643364
498192429
291321197
920533263
11646528
420064962
11284071
269975939
421238722
417242983
416359253
89498247
625521414
473763248
424430803
406992847
476089095
476347898
441071195
474002075
203401651
498171532
15699075
406226651
476413243
408393711
421571627
929410495
419972892
476098321
409258189
473965076
447587110
496842228
472922780
515683290
470571062
149201497
472915812
8804124
496777686
560200066
414370868
919441509
472665301
620608632
612742273
179638158
671241710
469219629
827015943
162499708
618832590
470324453
618799043
187968696
469280015
476466584
618297507
141019855
476436450
620240959
920516830
287048634
494862327
472589728
499210778
559714566
476362621
26714303
982633745
419052140
596294921
612331368
476273571
499856700
