2000 88 1900
734668421
117659795
21996274
186967229
435234191
488476640
19241282
149085371
356204487
181583554
745960373
41682355
718523101
238367195
382451301
239053206
126082357
435635356
377105368
643041407
178028523
30558541
380370300
653603967
24749681
221591320
388699398
356317958
238994508
549052345
185535462
155214299
740536283
255634700
715584962
230416387
450525885
735018990
155425044
742025498
389986735
117981514
717573805
719532935
22143645
10726266
176253920
422185542
91767946
23098087
387201720
745752650
78712092
22009341
553138306
187218714
525768508
36202713
43349470
549979858
700913964
118136562
117939986
731637551
690127316
384033336
179635704
638494595
36149899
738787534
653031750
646029142
356488327
125025600
241749140
9295955
488436511
149132446
552883376
22013112
571424849
548460335
241882549
450795405
8734513
199990777
693575240
22018179
744830936
588551844
744998339
36194322
175417665
18693236
117821131
382357624
377323980
688329479
430546619
186939610
381749709
160480546
36494323
145162846
440975709
698304494
588550149
433154425
381715004
693746928
719573790
585354201
44861721
693605555
655586310
488964076
10717226
247106535
8058297
263703888
22985115
433282297
776763086
388055751
513280900
537409976
22994023
241739155
60830466
430570168
235586151
186900875
384353458
731621876
110172287
177894437
726053033
22986868
347095230
145111534
551251071
450882434
372606999
17874355
549047347
381013264
745818682
8999495
338707843
63913322
178530623
740686504
106325742
87052972
383498939
693443886
10734537
45588859
648384798
203148471
735315159
224628918
376269204
262396626
551251156
436271160
247081804
655646295
148672001
238379940
78738369
720485319
254956574
702417862
22024067
52850640
745754002
383740539
385018366
741535667
382382069
694648110
454349576
653603955
204936765
230440155
701060086
532287747
23157867
386407703
149998023
151785004
176100088
387134074
734636177
655757754
386410502
13678510
741489955
737359921
80775292
734679344
221747639
438733270
49056844
155459305
441212924
381515496
433602540
239125218
642871675
22842453
10746961
156402554
117440439
116564220
690298363
241946077
432714617
476743764
44435681
549916092
78736454
17857243
734647612
135148374
43565083
630435436
642668340
346824879
386416462
61186895
247077062
512803635
488477034
22358941
430928609
488449220
382382415
241950002
23149201
735036222
220421573
376489142
110536226
741623533
177869337
109832172
386262206
24453636
350769729
157906921
693415462
229101252
8695222
550287550
378127498
628158264
110193495
186911557
178782215
699512446
67282585
63506737
643738798
30463569
235582522
380747015
45521118
118111963
239711417
22015729
537962510
386406553
173657967
385032750
239556781
55543675
177915913
377369067
424428881
488477697
734661555
163321461
552892783
585166213
177612724
442094397
238472006
614465673
374433381
224141849
186584407
10713440
644079832
249839400
117655291
11901134
228239998
70161302
629967254
607834617
744328046
740511416
734726417
223708536
550288948
246953116
380333687
186899987
246898096
238410861
719290867
176123559
631995476
745293319
241771298
430763764
147981770
588783876
246635728
715615509
438811536
588564121
435786929
438859944
432319286
13635858
187424556
654026696
630854047
173707112
90239454
228051258
385863982
379835507
433266635
109839611
717051572
584206410
731652767
710466028
728940099
516472599
588783157
241709580
430908640
168474782
721173044
745039380
644520079
22060686
157753246
79808551
9111860
78825948
381511817
27692434
623770633
654418168
731638510
347104502
19216565
145621239
719426968
614379020
135961719
555522830
474212879
246664524
551073016
537784435
238933469
623629208
239067854
648502224
551057527
721498798
249821230
348326775
491850006
49936413
23055620
19235088
393422677
446231010
23098139
220062594
390313866
239723606
717777579
351239345
173653554
139288551
433297471
646064672
710769725
381722587
513083563
106373070
147693288
118030601
711570806
248619436
223907546
187410202
120187365
33290430
481142045
623756141
439337793
16984017
432669440
23057986
688766478
694486676
132030350
386920335
693441127
160917852
430685272
396790846
206551787
386816125
224427145
90479612
477656152
734641020
740511480
628116490
488986144
45519507
66629088
743532521
452764483
44860593
117624367
450526965
595918333
221602648
372247470
653400397
433233668
551052459
155215853
726305668
382987803
737359111
634961948
537678415
715703291
564723714
564833899
726287920
241950095
263705580
235603441
647969305
741307083
22015749
694337405
488405545
377359285
224100213
21997067
36960092
432356735
731340328
178507983
481038685
635856328
348157074
30029900
432730607
715630181
89184079
154804873
489562474
30538652
143547872
718229122
106764691
717445832
120187706
424508255
552453970
22953882
435480891
488963067
242969946
441588637
230259415
532228991
406036466
239065491
10505878
655750174
537385675
30557875
186900586
228042905
24720257
219833179
221380217
166229027
23014224
18002838
186913831
737701521
43649222
735283120
386590027
22407336
694666632
690603572
246167366
158033663
702639510
10783139
552280904
350920838
551092891
155688302
423034741
121093203
628903156
734663004
430916483
440479015
30610008
548150388
350642837
719564091
433152821
174909646
450130280
488986535
118035330
548826524
265444463
185380452
22009033
454545075
186545740
22986068
608286847
430709811
475344386
117655300
677590272
721447025
23099971
738859264
246962613
382278208
88880994
104517745
248606897
37502791
689054318
97682205
725884794
513093927
9295849
45519499
246809407
390126026
381724429
732794302
350048394
24725656
30572763
173718696
193559107
388133563
648084618
263794576
717857542
371761100
87312883
536342324
178032518
230440770
22949263
80342755
66831925
237514688
246481488
186887767
22522449
91161673
237504736
34624957
5785193
10760111
638621210
177888363
745034207
147804316
24727379
166214322
22105127
152231133
432463355
168594372
116388053
710743706
702511294
621461333
43213519
435615301
630813725
227701417
249812866
160215913
377088254
717451766
648283920
641979754
446256780
24721025
35205777
177869624
537796181
643733393
688381036
8708401
681852256
22016672
629603521
693289056
842756967
249967190
23100399
446091521
741426004
21996369
491933475
255056221
177837614
552458914
694421609
185416172
182297062
22006922
220403200
373728534
176153507
247767025
628116189
531623230
350090398
22004036
386392586
715835564
246977805
588628897
117548226
235581069
741807144
449040223
433543628
119514861
421924833
230448146
22017419
210493421
552317647
222153572
550244654
241949670
182808776
23183524
22018125
239015619
120996211
488787996
168503911
118034966
45709609
693705776
460775491
548159166
690379167
935419836
157937238
588782591
440714148
379509828
440975800
567976198
648069107
283149917
583468349
17644777
186840447
23097435
30354847
351006546
228130983
430924970
238595612
721173208
33382262
224540485
442084122
608368696
125278717
425144911
735468142
22004309
23055675
424509173
432645480
383565721
438713509
382911928
689838475
185379395
149094001
241760967
430923507
689844911
628286286
173582782
36209007
30616384
645190849
777632814
23136034
274010769
66639123
117992500
224490006
265276084
21996442
10605132
240631537
653648568
345343323
741626940
433419221
221580558
377358971
35412446
741527971
731555147
232266111
693119694
350046051
23087665
36204736
22367717
718151561
17873560
186730295
690083345
22017419
91767605
719288435
641982945
381934138
173688737
718513500
19221969
34737361
104684996
682378511
490090139
21983624
248945728
27648101
264748313
584157301
22009555
178033205
220488537
228051484
229206215
381739698
221591678
536466733
476652335
703039630
230255519
36835944
36190125
744990607
747361138
44435664
740691873
51982757
709239478
443111665
630386939
8064356
571796006
734796873
488994867
736511393
404795897
345098165
22361474
255634471
241783092
239596767
355708954
24702851
630598082
45997026
379703558
257394183
721152832
225194064
693520105
731163598
235264413
639501048
228042825
265388020
931282206
179381901
742158623
239224077
224512521
571625343
150071469
347716011
22357563
246715068
207800461
237850938
117077619
728728193
45408034
731466322
149597547
571467783
436749011
381469503
571802564
720723400
381017684
160663246
547238094
731560260
227294414
126063594
17880444
16958749
449548590
61254086
142853623
630582467
120184262
178027012
571549554
249426829
433322448
381914814
125130220
220727616
742184008
549830003
188659675
736201932
109531783
22015755
377066187
347091897
691262283
44823540
689099141
22117553
178987548
476217397
536169482
243626600
22016758
22010422
248719401
350057343
449052297
239053072
658069737
931333536
741561680
630582510
9144843
224494015
715270510
105344302
774882460
726921263
537279983
234915759
646721052
22682739
653499580
628123793
723573677
688120900
741936483
113872395
438912963
223859681
9295727
504293872
638666562
239212956
433244503
196247267
248954321
173094469
45616786
241542555
721449573
721067453
177869626
454860899
689074428
221627044
29797127
227566566
378224943
476854705
248302196
21993300
628147441
734673085
606370671
248224495
356234596
66293571
385180150
485072450
31199437
21741121
491843514
628098850
734668402
186979544
608286795
717799366
648520855
22080689
36153319
381728782
531636590
23159271
402987551
436700944
235681010
117653994
721499015
648408988
433309381
221239204
210101148
350909561
157831799
653877501
681821988
209538359
183262269
176119757
432726872
430030061
355493597
622517181
241868189
431313464
261985020
371123723
181822889
378254175
371726899
548988344
741477769
710901074
638979685
438738905
36163130
44852519
22009571
690537399
178030940
381091375
717638617
9296240
712888976
480980602
157982891
623666188
744235203
238166358
345370066
37347637
152305913
224125427
725960412
777791893
476199175
117861985
22010258
30569202
536569863
176702423
186579949
254998822
181819402
565231516
22018432
22986074
390068444
22016848
241885344
717000953
710507965
177895066
629414142
35406524
45360322
729212273
440525881
11036152
249838532
24742020
168533259
387824513
450528702
183289911
246911905
719285800
445049305
246703155
67006194
203347135
209583831
177887554
431139387
22375435
476803016
248529907
235342665
248316448
721498461
243427957
10722086
438877296
22105521
225132236
91736963
238259840
446498943
246745048
67256571
649606609
118028162
22980584
58356781
588780049
117863549
50067748
719560919
383056711
381919643
575027333
239202986
199683797
69082027
169581159
788340746
23187387
220176651
619720068
552366102
90902436
30622130
553191250
476855753
241771882
164192201
935254599
588230781
160477540
371344307
694373966
209923618
163340822
182525463
248183678
324253992
120181359
22955601
630232808
690783215
688812879
36153242
235556799
715832843
565192783
651201174
254965102
21996319
160006966
263841199
690541746
718708558
433311648
155269074
109805836
23183568
715173692
249734843
221223437
23097324
382448974
227557415
11123023
177923537
36590194
263429034
633136586
639776245
551127939
238403843
642922380
378094597
126102922
549891065
105341574
718524540
436564565
34718651
433333683
173691323
671369013
224505295
247090512
238199129
23036627
733138111
50073483
356419010
702718467
225130754
109825633
118107285
447039391
8157510
728768954
23188906
31198720
21998428
381539845
737338379
227566465
375843114
348265473
21132464
177912240
433146882
434682891
177887455
432244806
106612205
187411373
380337892
176112693
430144155
35143438
717094445
688207183
741474446
588691606
436310877
30842875
33372786
209980468
325876856
343202708
734671950
177513343
117624323
177858276
433292763
630048204
43519111
22016378
120312834
690696047
205054940
36206130
22097446
155106377
21942148
378224016
246652701
726378574
90247835
474284192
246159550
608038199
22373905
699600857
237493293
551349405
247156634
219988459
112485316
716016409
241709929
645219681
694668711
630376830
257387597
741475603
682115478
648182937
204447348
431095040
23036711
389964079
224507163
715197254
117471852
726901380
34889663
381737981
721604772
553118674
604979384
176977297
186945948
118106009
157964702
177889144
383897032
224510069
1063046
355846075
609695990
246656064
173860150
225280895
227389118
237631168
20754607
576839014
22983712
242186832
9295016
700873560
440958195
721132265
596409654
21997582
728942465
187432579
382492515
737821810
857756471
238402715
688755765
117654413
737345726
21997065
16886794
741531390
459518914
588582276
641411127
173869993
30325501
239366192
721447670
298285910
488993076
715585095
22948175
10689586
645146551
483530207
742130942
10720347
178031034
435049225
694651899
23166396
23159276
257410962
435046997
742006793
437797222
132453359
430848973
694356177
36491487
684088302
451732515
229696634
638666419
630377664
376004751
689870702
553145650
685263424
347449905
22348572
230440231
537908205
620989047
441796932
179358531
623103320
21760429
517774010
433309658
120999080
720979088
30801651
173652878
648516541
441597893
247567595
168312609
348442186
746157482
120308077
22357545
23155646
21996294
381570842
552282149
390284775
153300971
441633343
149107474
248229283
728940087
350102765
702885236
382450685
78958574
24725616
348326970
729694082
117737320
733674587
614381581
149204235
110130388
612141938
34557664
186919826
97946772
205950670
748807237
30609896
183770743
22153281
736491421
652901097
436012673
734806739
220575113
450783586
740687734
583717746
105332439
651665033
17740407
694652605
149977702
452125672
623489993
668378098
732494313
158795600
230256883
433159961
608912688
732737658
442114256
432232536
19108875
348426578
721498305
106803577
383780923
166253491
653991872
20995920
21988148
741846505
350012522
381449402
538558126
716584717
224739524
263853668
235585512
539909288
9293945
931506944
34559303
87297655
682653153
725703044
648113236
30497624
715579339
737337860
741953536
9479596
63920911
711030597
920076385
22016857
623768821
622502897
18043055
36149213
9292809
224597634
431094259
224348452
378263794
17843134
489005243
734662191
256409784
450921441
67276730
727993960
431327158
347108937
688307932
653902516
22096840
120765148
239839319
933096498
186583511
117889865
746506660
644392854
63490635
737717282
722329469
648125012
186766067
571577231
588629508
689054725
247157010
177738911
17745126
715638746
383565246
441647726
623180408
350835448
220502622
630827561
220729807
44889777
629903817
382273546
26582939
166200132
688755972
433267695
628147263
36209059
147187786
38058923
381717182
648308204
22983182
588808846
224597495
629842074
10734196
537962158
628798894
77097881
645155665
498513851
583168870
237625463
155798351
120996685
249831288
148500233
178030007
247506708
23190161
715260937
178025721
355516016
433234488
22290341
691281326
207967487
720838162
65574543
120168165
18317484
185493393
117656741
166120283
290469170
390309806
375757490
22016747
28374292
636422523
359808667
225104200
34624933
116477667
238348394
21993271
691475424
628854348
235391653
117655298
738844744
24481504
23090134
140463847
489567789
434891547
49953670
378114833
22358572
734671926
178060361
552813982
380581203
209101173
117671962
350102426
624596966
150070288
254983651
10309170
150064623
433317244
741552181
163672609
225305637
694307761
738775981
741562863
227576757
350807720
431145865
721186942
21996142
630395501
481034069
719472377
247547397
373728679
356363022
178505515
238587147
22003589
19233940
117655333
102253088
738823452
220728297
22016041
380337932
186546296
22147903
24742884
432807119
390275178
114112317
700564006
433232092
376117465
27609978
117658897
235588714
221247573
435467939
734678713
238485744
33394654
157903655
383587497
22981362
488956433
726877715
444306564
741942847
744285282
183227093
436941607
691300116
235556721
22359124
21978143
223876398
9148222
171538037
381188193
693448601
178971038
386401380
249739176
740687334
701068370
9087947
249640905
390316789
176032558
430504531
248159996
718523220
166396629
359809650
45406109
552279508
173959588
745792881
23159396
219799419
21805405
719296032
741627630
701066442
628893415
179627198
22028307
700978215
710740060
432274223
9479182
166107754
248997472
125278696
178679247
700186363
721559713
480465652
114156123
377414493
186773066
382382521
488986459
174925053
126161478
105511455
717076865
735284522
715615590
249635986
548460715
45748888
688764835
8675104
163992002
644665874
740688762
17905974
742165596
429865556
387135792
181226720
224541856
576919403
390206556
126159748
375758955
241909141
125007583
239716105
21993230
17705264
103681467
431151061
220453516
18830119
67257572
628598741
188886683
415125664
173653308
178031190
628123875
424512400
151450766
186576448
224597668
731146133
22103468
91778710
23042030
830067953
721596638
241882457
144816418
30468305
710754559
24724282
117059854
738855873
35200561
734667515
450494850
239295592
715747090
179356811
173869390
608249584
120423674
715897324
688443445
694649205
552836378
740590709
149341443
378250161
155716538
107164316
177960320
265799486
378263228
117039399
433340815
10742384
741559249
109806782
921230623
350910886
62265473
725892734
737840260
377550012
552393982
181892391
30119324
78738638
735460733
381762360
247558543
149975670
177694280
66943078
163372628
157919708
436579157
431094284
350125217
157764818
857664276
442134321
66992999
653636921
386413454
375904234
584510086
381753262
177907592
740686516
235582227
477046848
186906644
22414845
648317677
347742115
390148281
444316856
584958108
722483107
653199165
435722606
488476901
749736138
646035764
694370215
375983647
227556147
163835964
742431369
917358561
773535371
488610921
209972402
646033616
249811851
646028831
255637298
189152217
28193026
151058893
689138400
285286668
715832671
235581069
69558295
633253914
220063158
241879886
117665811
734671936
701109695
725671906
22118607
155166314
643549427
702093195
239507243
120186212
552394065
21996142
934615994
247090464
742042585
45625729
248719417
185365495
22016733
174264742
688676435
571794148
646896260
689031826
547744317
155213099
22403409
43217451
229697098
17740406
619200763
390146998
488405915
36952809
239791144
59686162
721153941
436006674
564523087
177963395
30555300
220575251
320890951
552934618
721147858
380996954
425167642
17843156
38032471
391250022
8043133
247460865
551091313
649446720
45277561
51432440
27637020
484691106
553057033
735325308
721498434
17984236
241760513
701074828
224505538
377013001
11042562
224453153
442812150
381542356
634720213
435632695
172896921
120836705
728717301
30285774
597901409
731654205
552438846
588804884
549107446
223907765
446918440
22140637
432335613
745034025
713005288
154804243
180758698
105371364
378141474
684001403
726878111
237809489
221648841
219999429
638998117
640212583
30552530
380338368
78941297
177960320
233446162
433418733
177983753
623756311
442085271
738176960
552042575
740589434
433102018
643690227
239225213
383161361
21548337
224139986
694346771
449517660
10728254
43216727
441604881
149732352
186545389
221846081
230451736
640342461
179412039
931019831
241962893
9478978
23036140
434868125
120810270
105301044
745752408
739795433
248515273
689871357
235571577
23018522
381509496
225347898
481015660
163333890
741821509
22236397
22016615
688003964
147853819
35405487
717569761
571540358
79213328
588780028
438733580
745039291
446079603
185445868
30469817
619338070
694438996
33394618
22017518
11318283
101612572
180588713
22414171
646220207
687989758
646704389
177871585
744975402
186840575
377022855
993020488
547221439
717857946
442105441
684093816
43962553
155458924
10763210
241414545
179393380
16658212
22016761
221119969
744330691
376640163
