2000 16 16
434702476
434900802
435099129
435297455
435495781
435694107
435892433
436090760
436289086
436487412
436685738
436884064
437082391
437280717
437479044
437677369
437875695
438074022
438272348
438470674
438668999
438867325
439065651
439263978
439462305
439660631
439858957
440057283
440255610
440453936
440652262
440850589
441048915
441247241
441445567
441643893
441842220
442040545
442238871
442437197
442635523
442833849
443032176
443230502
443428828
443627155
443825481
444023806
444222132
444420458
444618784
444817109
445015435
445213760
445412087
445610412
445808738
446007063
446205389
446403715
446602041
446800368
446998694
447197021
447395346
447593672
447791998
447990324
448188650
448386976
448585301
448783627
448981953
449180280
449378607
449576933
449775259
449973585
450171910
450370235
450568560
450766886
450965212
451163538
451361865
451560190
451758517
451956843
452155169
452353494
452551820
452750147
452948473
453146800
453345126
453543452
453741778
453940103
454138429
454336755
454535080
454733406
454931733
455130058
455328384
455526710
455725036
455923362
456121689
456320016
456518343
456716668
456914993
457113319
457311645
457509971
457708296
457906622
458104947
458303274
458501601
458699927
458898253
459096579
459294904
459493230
459691556
459889882
460088208
460286535
460484861
460683187
460881513
461079840
461278165
461476491
461674817
461873143
462071469
462269795
462468120
462666446
462864772
463063098
463261424
463459750
463658076
463856402
464054728
464253054
464451379
464649706
464848032
465046358
465244684
465443010
465641337
465839663
466037989
466236315
466434641
466632967
466831293
467029619
467227945
467426270
467624595
467822921
468021248
468219573
468417899
468616225
468814550
469012875
469211201
469409528
469607854
469806179
470004505
470202831
470401156
470599482
470797808
470996133
471194460
471392787
471591113
471789439
471987764
472186089
472384415
472582741
472781067
472979393
473177720
473376046
473574372
473772699
473971025
474169351
474367676
474566001
474764327
474962654
475160980
475359307
475557633
475755959
475954285
476152611
476350938
476549265
476747591
476945917
477144243
477342568
477540894
477739220
477937547
478135872
478334198
478532525
478730851
478929176
479127501
479325827
479524152
479722478
479920803
480119129
480317456
480515782
480714108
480912435
481110761
481309087
481507412
481705738
481904065
482102391
482300717
482499043
482697369
482895695
483094020
483292346
483490672
483688998
483887324
484085650
484283976
484482302
484680629
484878955
485077282
485275609
485473935
485672261
485870586
486068912
486267237
486465564
486663890
486862215
487060541
487258868
487457194
487655520
487853846
488052173
488250498
488448824
488647150
488845476
489043802
489242127
489440453
489638779
489837105
490035431
490233758
490432083
490630410
490828735
491027061
491225387
491423713
491622038
491820364
492018690
492217017
492415344
492613670
492811997
493010323
493208649
493406975
493605302
493803629
494001955
494200281
494398608
494596935
494795262
494993588
495191913
495390239
495588564
495786890
495985216
496183541
496381866
496580191
496778517
496976843
497175169
497373495
497571821
497770148
497968474
498166800
498365126
498563452
498761778
498960103
499158429
499356755
499555081
499753408
499951735
500150061
500348387
500546713
500745039
500943365
501141691
501340016
501538343
501736670
501934996
502133321
502331647
502529974
502728300
502926627
503124953
503323280
503521606
503719933
503918259
504116585
504314912
504513238
504711564
504909891
505108217
505306543
505504869
505703195
505901520
506099846
506298171
506496497
506694823
506893150
507091476
507289801
507488127
507686452
507884779
508083106
508281431
508479757
508678083
508876410
509074736
509273062
509471388
509669715
509868040
510066365
510264691
510463018
510661343
510859670
511057996
511256323
511454649
511652976
511851303
512049630
512247956
512446283
512644609
512842934
513041260
513239586
513437912
513636238
513834564
514032890
514231216
514429541
514627867
514826193
515024519
515222846
515421172
515619497
515817823
516016149
516214476
516412802
516611128
516809455
517007781
517206108
517404434
517602760
517801087
517999414
518197740
518396067
518594394
518792721
518991047
519189373
519387698
519586023
519784349
519982675
520181001
520379327
520577653
520775978
520974303
521172628
521370954
521569280
521767607
521965933
522164258
522362583
522560908
522759235
522957560
523155886
523354212
523552538
523750864
523949191
524147516
524345843
524544170
524742497
524940823
525139148
525337475
525535802
525734128
525932454
526130781
526329107
526527433
526725759
526924085
527122411
527320736
527519062
527717388
527915714
528114039
528312366
528510692
528709018
528907345
529105671
529303996
529502322
529700648
529898974
530097300
530295626
530493951
530692276
530890601
531088927
531287254
531485580
531683905
531882232
532080559
532278886
532477213
532675540
532873865
533072191
533270518
533468845
533667172
533865497
534063822
534262148
534460475
534658801
534857127
535055454
535253780
535452106
535650432
535848758
536047085
536245410
536443736
536642062
536840389
537038714
537237041
537435366
537633692
537832018
538030344
538228670
538426995
538625321
538823648
539021974
539220299
539418625
539616952
539815278
540013603
540211930
540410255
540608580
540806905
541005232
541203558
541401884
541600210
541798537
541996862
542195187
542393512
542591838
542790164
542988489
543186814
543385139
543583466
543781793
543980119
544178446
544376772
544575098
544773425
544971752
545170078
545368404
545566730
545765055
545963382
546161708
546360035
546558361
546756687
546955013
547153339
547351665
547549991
547748317
547946642
548144968
548343293
548541619
548739945
548938271
549136597
549334924
549533250
549731576
549929901
550128228
550326554
550524880
550723205
550921531
551119857
551318184
551516510
551714836
551913161
552111487
552309813
552508139
552706464
552904791
553103117
553301442
553499768
553698094
553896420
554094745
554293070
554491395
554689722
554888048
555086374
555284699
555483025
555681351
555879678
556078004
556276330
556474657
556672983
556871309
557069635
557267961
557466287
557664612
557862937
558061262
558259587
558457913
558656238
558854564
559052890
559251216
559449542
559647868
559846194
560044520
560242847
560441173
560639499
560837825
561036151
561234477
561432803
561631128
561829455
562027781
562226107
562424434
562622760
562821087
563019413
563217739
563416065
563614392
563812718
564011043
564209368
564407695
564606021
564804347
565002673
565200999
565399324
565597650
565795976
565994302
566192628
566390954
566589280
566787606
566985931
567184257
567382584
567580909
567779236
567977561
568175887
568374214
568572540
568770865
568969191
569167517
569365843
569564169
569762494
569960820
570159146
570357472
570555798
570754124
570952450
571150776
571349101
571547427
571745753
571944079
572142405
572340732
572539058
572737384
572935710
573134037
573332363
573530689
573729015
573927341
574125667
574323994
574522321
574720647
574918973
575117299
575315624
575513950
575712276
575910602
576108928
576307255
576505581
576703908
576902234
577100560
577298886
577497212
577695537
577893863
578092189
578290515
578488842
578687168
578885494
579083820
579282146
579480473
579678798
579877124
580075450
580273776
580472101
580670426
580868752
581067077
581265403
581463729
581662055
581860381
582058707
582257033
582455359
582653686
582852013
583050339
583248665
583446991
583645317
583843643
584041969
584240295
584438620
584636946
584835271
585033597
585231923
585430249
585628575
585826900
586025227
586223552
586421878
586620203
586818529
587016855
587215182
587413507
587611832
587810158
588008484
588206811
588405138
588603465
588801791
589000118
589198444
589396770
589595096
589793423
589991750
590190076
590388402
590586729
590785055
590983381
591181706
591380032
591578358
591776684
591975010
592173336
592371662
592569989
592768316
592966643
593164969
593363295
593561621
593759947
593958273
594156599
594354925
594553250
594751577
594949904
595148230
595346557
595544883
595743209
595941534
596139860
596338187
596536513
596734838
596933164
597131489
597329815
597528141
597726468
597924794
598123120
598321445
598519771
598718097
598916422
599114749
599313075
599511401
599709727
599908052
600106377
600304703
600503029
600701355
600899682
601098008
601296335
601494661
601692987
601891312
602089638
602287964
602486290
602684616
602882942
603081268
603279595
603477921
603676247
603874573
604072899
604271225
604469552
604667879
604866205
605064530
605262855
605461181
605659506
605857832
606056158
606254484
606452809
606651135
606849461
607047787
607246113
607444439
607642766
607841092
608039418
608237744
608436071
608634398
608832724
609031050
609229376
609427701
609626028
609824355
610022681
610221008
610419334
610617660
610815986
611014313
611212639
611410966
611609293
611807618
612005944
612204270
612402596
612600922
612799248
612997574
613195900
613394227
613592553
613790880
613989206
614187531
614385857
614584184
614782511
614980837
615179162
615377488
615575814
615774141
615972467
616170793
616369119
616567445
616765771
616964096
617162421
617360747
617559072
617757398
617955725
618154051
618352377
618550704
618749030
618947355
619145680
619344007
619542333
619740660
619938985
620137312
620335638
620533964
620732291
620930617
621128943
621327270
621525596
621723922
621922248
622120575
622318901
622517227
622715553
622913879
623112205
623310531
623508858
623707183
623905509
624103835
624302161
624500487
624698813
624897139
625095464
625293789
625492114
625690439
625888765
626087090
626285416
626483741
626682067
626880393
627078719
627277044
627475370
627673696
627872022
628070348
628268673
628466999
628665324
628863650
629061976
629260303
629458628
629656954
629855279
630053606
630251932
630450258
630648583
630846909
631045235
631243561
631441887
631640214
631838539
632036864
632235191
632433516
632631842
632830169
633028495
633226820
633425146
633623472
633821798
634020124
634218449
634416775
634615101
634813427
635011753
635210079
635408405
635606731
635805056
636003382
636201708
636400033
636598359
636796685
636995011
637193338
637391663
637589988
637788314
637986640
638184966
638383292
638581618
638779944
638978270
639176595
639374920
639573246
639771572
639969899
640168225
640366550
640564876
640763202
640961528
641159853
641358178
641556503
641754829
641953156
642151481
642349807
642548133
642746458
642944783
643143109
643341435
643539761
643738088
643936414
644134740
644333066
644531392
644729718
644928043
645126369
645324694
645523020
645721345
645919672
646117997
646316322
646514648
646712974
646911300
647109627
647307953
647506279
647704605
647902931
648101257
648299582
648497907
648696233
648894559
649092885
649291211
649489538
649687864
649886190
650084516
650282841
650481167
650679493
650877819
651076145
651274471
651472797
651671123
651869449
652067775
652266101
652464426
652662753
652861079
653059405
653257731
653456057
653654383
653852709
654051035
654249361
654447687
654646014
654844341
655042666
655240991
655439317
655637643
655835969
656034295
656232622
656430947
656629273
656827599
657025925
657224251
657422578
657620905
657819231
658017558
658215883
658414209
658612534
658810860
659009186
659207513
659405839
659604164
659802490
660000816
660199142
660397468
660595794
660794120
660992446
661190772
661389099
661587425
661785752
661984078
662182403
662380729
662579054
662777379
662975704
663174029
663372355
663570681
663769007
663967333
664165658
664363983
664562309
664760635
664958962
665157288
665355614
665553940
665752267
665950594
666148920
666347246
666545572
666743897
666942223
667140549
667338875
667537201
667735527
667933853
668132179
668330504
668528830
668727155
668925481
669123807
669322133
669520460
669718786
669917112
670115438
670313765
670512091
670710417
670908743
671107070
671305396
671503722
671702047
671900373
672098698
672297024
672495350
672693677
672892004
673090329
673288655
673486981
673685307
673883633
674081960
674280286
674478613
674676939
674875265
675073592
675271918
675470243
675668568
675866894
676065220
676263546
676461871
676660196
676858522
677056848
677255174
677453499
677651825
677850151
678048476
678246802
678445128
678643454
678841781
679040108
679238434
679436759
679635085
679833411
680031738
680230064
680428390
680626715
680825041
681023366
681221691
681420018
681618344
681816670
682014997
682213322
682411649
682609975
682808301
683006626
683204952
683403278
683601604
683799930
683998255
684196580
684394906
684593232
684791558
684989884
685188211
685386537
685584863
685783188
685981514
686179840
686378167
686576494
686774819
686973145
687171471
687369797
687568122
687766448
687964774
688163100
688361426
688559751
688758077
688956403
689154730
689353055
689551382
689749708
689948035
690146361
690344686
690543012
690741338
690939664
691137989
691336316
691534642
691732968
691931293
692129619
692327946
692526273
692724599
692922924
693121250
693319576
693517902
693716228
693914554
694112879
694311205
694509530
694707856
694906182
695104508
695302833
695501159
695699485
695897811
696096137
696294463
696492790
696691115
696889441
697087768
697286094
697484421
697682748
697881073
698079400
698277726
698476051
698674377
698872703
699071029
699269356
699467683
699666009
699864335
700062661
700260988
700459314
700657640
700855966
701054291
701252616
701450942
701649268
701847595
702045922
702244247
702442574
702640900
702839226
703037553
703235878
703434205
703632531
703830857
704029184
704227510
704425836
704624162
704822488
705020814
705219140
705417467
705615793
705814120
706012446
706210773
706409100
706607425
706805752
707004079
707202405
707400732
707599058
707797384
707995710
708194036
708392363
708590688
708789014
708987339
709185666
709383992
709582317
709780643
709978968
710177294
710375619
710573945
710772271
710970597
711168924
711367250
711565576
711763902
711962227
712160553
712358879
712557206
712755532
712953858
713152185
713350510
713548836
713747162
713945488
714143814
714342140
714540467
714738792
714937118
715135444
715333770
715532096
715730422
715928748
716127075
716325401
716523726
716722052
716920378
717118704
717317030
717515357
717713684
717912010
718110336
718308662
718506987
718705313
718903639
719101966
719300291
719498616
719696942
719895269
720093595
720291920
720490247
720688574
720886900
721085227
721283553
721481880
721680206
721878532
722076859
722275185
722473511
722671837
722870163
723068489
723266816
723465142
723663468
723861794
724060120
724258446
724456772
724655097
724853423
725051748
725250074
725448401
725646728
725845054
726043380
726241705
726440031
726638357
726836683
727035009
727233334
727431661
727629987
727828313
728026639
728224965
728423291
728621618
728819944
729018270
729216595
729414921
729613247
729811573
730009899
730208226
730406552
730604879
730803205
731001531
731199858
731398184
731596510
731794837
731993162
732191488
732389814
732588139
732786465
732984791
733183116
733381443
733579769
733778095
733976421
734174746
734373072
734571398
734769724
734968050
735166375
735364702
735563028
735761354
735959679
736158004
736356329
736554654
736752980
736951305
737149632
737347958
737546284
737744610
737942936
738141261
738339587
738537913
738736240
738934566
739132892
739331219
739529545
739727870
739926196
740124522
740322848
740521174
740719500
740917827
741116153
741314479
741512804
741711129
741909454
742107780
742306107
742504433
742702760
742901085
743099410
743297735
743496061
743694387
743892713
744091039
744289366
744487692
744686018
744884345
745082672
745280998
745479325
745677651
745875978
746074303
746272629
746470955
746669282
746867608
747065934
747264259
747462585
747660910
747859237
748057562
748255889
748454216
748652542
748850869
749049195
749247521
749445847
749644173
749842499
750040826
750239153
750437478
750635805
750834132
751032458
751230785
751429112
751627438
751825764
752024090
752222416
752420742
752619068
752817394
753015719
753214046
753412372
753610698
753809024
754007350
754205675
754404001
754602327
754800652
754998979
755197305
755395631
755593956
755792283
755990609
756188936
756387262
756585587
756783913
756982238
757180565
757378891
757577217
757775543
757973869
758172195
758370522
758568848
758767174
758965500
759163826
759362153
759560478
759758805
759957131
760155456
760353782
760552107
760750433
760948759
761147086
761345413
761543738
761742064
761940390
762138717
762337043
762535368
762733693
762932019
763130345
763328671
763526996
763725322
763923649
764121976
764320302
764518628
764716954
764915281
765113607
765311933
765510259
765708585
765906911
766105238
766303564
766501891
766700216
766898541
767096867
767295193
767493519
767691845
767890172
768088498
768286825
768485152
768683478
768881804
769080131
769278457
769476784
769675110
769873436
770071761
770270086
770468412
770666738
770865065
771063391
771261717
771460043
771658369
771856695
772055020
772253345
772451670
772649996
772848322
773046648
773244974
773443300
773641626
773839952
774038278
774236604
774434930
774633257
774831583
775029909
775228235
775426561
775624886
775823212
776021539
776219864
776418189
776616515
776814841
777013167
777211492
777409819
777608144
777806469
778004795
778203122
778401448
778599773
778798099
778996426
779194751
779393077
779591404
779789730
779988056
780186383
780384709
780583035
780781360
780979687
781178012
781376338
781574665
781772991
781971317
782169642
782367968
782566294
782764620
782962946
783161273
783359600
783557925
783756251
783954576
784152902
784351228
784549554
784747880
784946205
785144532
785342857
785541183
785739509
785937834
786136161
786334487
786532813
786731139
786929465
787127790
787326116
787524442
787722769
787921095
788119422
788317748
788516073
788714399
788912725
789111051
789309377
789507703
789706029
789904355
790102681
790301007
790499334
790697661
790895988
791094314
791292640
791490966
791689293
791887619
792085946
792284272
792482599
792680925
792879251
793077576
793275902
793474228
793672554
793870880
794069206
794267532
794465858
794664184
794862510
795060836
795259163
795457489
795655814
795854140
796052465
796250791
796449117
796647443
796845769
797044096
797242423
797440749
797639075
797837400
798035727
798234053
798432379
798630704
798829030
799027356
799225681
799424008
799622334
799820661
800018986
800217312
800415638
800613964
800812290
801010616
801208943
801407268
801605594
801803920
802002247
802200573
802398899
802597226
802795552
802993879
803192206
803390531
803588856
803787182
803985508
804183834
804382160
804580487
804778812
804977138
805175465
805373792
805572118
805770444
805968770
806167096
806365422
806563748
806762073
806960399
807158725
807357051
807555377
807753703
807952029
808150355
808348680
808547006
808745333
808943659
809141985
809340311
809538637
809736964
809935290
810133615
810331941
810530267
810728592
810926918
811125244
811323570
811521895
811720221
811918548
812116874
812315200
812513526
812711852
812910177
813108502
813306827
813505153
813703478
813901805
814100131
814298456
814496782
814695109
814893435
815091761
815290087
815488414
815686740
815885066
816083392
816281719
816480045
816678371
816876698
817075024
817273350
817471675
817670002
817868328
818066653
818264980
818463305
818661632
818859957
819058283
819256610
819454936
819653262
819851589
820049916
820248243
820446568
820644893
820843219
821041544
821239870
821438195
821636521
821834847
822033173
822231500
822429826
822628152
822826478
823024805
823223130
823421456
823619782
823818108
824016435
824214760
824413086
824611412
824809739
825008065
825206391
825404718
825603044
825801370
825999695
826198021
826396347
826594672
826792999
826991324
827189650
827387977
827586303
827784629
827982955
828181281
828379607
828577933
828776260
828974586
829172912
829371239
829569565
829767890
829966216
830164542
830362868
830561195
830759521
830957848
831156173
