2000 980 980
44466019
396745816
447559504
322424100
214131392
397018512
305709635
154666798
309016013
128774698
451179774
214158415
309143137
425412065
257901548
396854018
191674456
217577292
254874262
424895015
454143352
436474472
274206497
434663077
434625355
260071188
273743578
436679742
436608637
147791710
310972069
596002108
466402661
347699067
419171159
274206684
201947302
485076345
425547622
212897488
397691629
436580090
188977721
292758685
180331184
730107772
425148560
347232998
465555912
182546802
180295533
485277517
425438383
194445784
223561398
193685775
256395223
407479264
280932255
191651943
425526261
402713077
442012418
404030433
169000073
189687695
273748228
345509587
397059533
193087560
315577139
274272852
434921679
192250369
180200367
418387253
275965860
216086958
201033764
321163514
190392953
191689742
349433498
573825101
320802904
273775547
436792159
311726944
425384191
382911826
436679732
270609540
202519333
403124832
447732022
194080381
263646758
192838865
164509608
273527891
371688125
250166161
397020736
278378447
411685191
190385900
217005786
314116289
436547658
207712688
397740037
285041082
406657973
797351025
44474348
417654045
383688028
436178075
194140177
787684075
383674561
255431031
364402584
425411043
178473957
292964976
260309545
425659418
407954830
402695651
397259477
171202443
396522916
386186117
418692573
276905266
281033811
418565735
434617759
207174183
191688074
273528196
193356767
193352122
296127197
312269844
507784696
180597688
312297807
396786025
345519263
275700799
361003442
436629794
484866328
326451866
270489869
265905003
402595254
275961110
425452596
425584113
193330224
198295803
279022228
41491296
194032542
194080419
194086998
312021179
190784156
407274176
423968507
191671599
191679327
466262505
277335227
436867725
452127802
425397974
434711414
190115081
427542187
913376364
216918511
447301021
371789584
273766512
207977732
181953973
251493765
275986405
323162500
192977957
730261011
214170615
321113798
436438970
188890038
425365821
453443000
396532698
427075811
396542889
147835055
517850220
194080704
263370879
866783081
274204233
411520507
402691896
332370564
554297055
213600973
280662914
198132715
308351248
407437918
54400747
189605607
194352688
345235718
348020252
169244284
207861819
306175957
436976622
46463223
436603425
312297459
383050229
598418425
198054954
191663211
193356815
275429584
279000145
94027856
218058999
190385295
359061900
465647866
383767282
192888246
191679961
397682799
192833360
948740148
194053901
194365039
216997816
397205499
273776988
407287465
275956224
413945899
311539237
271067355
465521585
508328734
456347931
175402351
436141589
485025542
255382356
601888799
326494141
734769421
276999457
424748427
251826981
194475232
148901138
280633968
305708444
192887561
405582843
274205081
405713981
265619554
276703966
436606019
407954319
281099594
254239406
273800558
382927432
345016396
269008181
183001584
437223817
207391743
313405334
214382970
725110590
265518499
436818000
194057523
192991818
273751756
913572664
499265300
516556005
601141648
197480057
568453192
436970828
444782726
388849629
363574465
436601217
308763963
192559741
314851636
787681787
201274287
180222152
321065854
274338139
397337033
320580503
472669198
320812516
434038028
277601573
273776845
191689334
485065590
273775815
251438184
466418488
397007600
310846841
397008339
396902116
511305675
414019673
277334127
606392081
320815513
424477924
275600570
403090412
308399458
278835712
383714346
403615973
320815640
218153542
407237896
414374738
307310878
272524728
217005863
436710798
277468497
425572166
731247543
273776834
213629945
347690374
397019705
177132189
201545737
194053822
451330531
147789479
198049915
201501307
305155185
442260713
261533651
936367598
305707429
436650903
190524503
275696895
349234246
434225937
197451065
193554381
407195746
278988018
216815092
180297158
313745136
308397088
277330140
191701290
148829033
194057655
397863944
265071630
344988115
405176775
173299029
425312704
194080381
218691677
175546222
197493940
278379764
193678736
183389306
278835421
437146422
310847571
274122103
917050863
405548764
425435850
188051254
201661171
277511284
313804675
307863322
405550409
437148037
193680961
279947072
623351145
424976786
344054124
260259418
383684264
274351028
436925274
193087547
217280958
347886891
349232556
405544238
594410055
316230825
191690850
277416886
194537943
193686956
214400791
147859060
402695602
407222386
274206241
347697272
313746183
405568571
397052476
180249182
147832319
347683254
405654824
44562756
397221669
277333395
194541273
397020125
280916801
180369056
273224615
405552162
337568860
193992988
321121370
384035689
396851679
700007777
255512078
273476967
311291847
427049157
405553308
275600632
275952924
182572199
146665267
95267745
178321259
383709701
396522526
383688783
207872494
436870006
436969926
308370185
189655454
177414219
194486416
198054804
326553721
226829309
254877462
917598517
191663876
526804132
396925687
57681109
260114830
308434066
396527937
448186043
433657222
250820353
436819785
442186624
424529293
221165009
192618404
663950717
169498152
600403911
198526580
279006142
94277274
198132379
216524748
223193905
281166457
312257334
430597849
485091520
191682002
663480548
322960895
190524016
192990645
106605057
273468884
402675736
411468852
396995426
327443470
436568319
407945817
402696444
359042632
405675604
191674081
194060083
180234338
267757649
321066056
318516380
281043900
54329196
357902322
191688722
465573411
307636457
315135184
193718179
404197563
510319817
312889070
193356461
106169135
273476601
442259208
197832521
277863774
424759654
347691230
189394114
405175457
427627570
192528819
271405210
212901665
177237996
437154730
180223167
425551631
191673328
205065220
436864254
504380709
278377152
180537912
164249581
223335939
427695112
260078732
405249394
383719323
434965876
411321302
187648596
414020517
254868507
129839752
435023324
447410000
436658673
176797421
663654802
402670545
210164518
425759743
409008718
436195851
326622203
312405878
601153461
191668411
43578237
270701311
273535739
197507861
216840949
408178907
191653617
465743884
901595084
411719265
396852968
320476412
214142866
280583732
194056360
917224114
383604694
454195956
45055682
272873632
218053064
408255542
501682210
278835621
274744441
349186175
201674540
255675338
425432107
424454397
191654324
406599531
425543508
397174475
785033470
275558301
436793256
182572919
787824645
308665337
202001117
274332744
725111797
258130373
512456153
425516901
347682058
175396296
522793558
408802464
274133323
264811479
397018467
273773391
405694392
44471990
286839879
321055480
279003132
191681945
214123482
182595381
787640901
194067794
318827346
405564008
383688850
312492936
436140850
182517204
413162486
308683815
347738339
180756046
210871408
255454438
194036833
190524016
308397166
662173554
407239718
124610967
181971535
436878338
734803632
403702404
255510734
518371780
318602910
193088884
180331236
383711690
403588398
178379577
254098529
194365743
403671546
264239192
383779832
425574651
275533871
313513385
213560447
274749434
191689616
425953175
436198005
94120698
180223110
145449657
312321966
383719092
435437429
425433214
194087960
190592323
194977475
147896280
405552366
310823995
147797067
306568224
436563251
409089185
436941792
436971715
320805888
464833458
437147511
383461199
374274021
599581336
178387474
348551318
177150034
215943275
256155895
194058102
263519695
147315587
275703354
276727762
397058705
279744924
278396553
194540248
203453651
424438666
275962719
437208542
308477334
411718068
433673418
278397675
425649358
405178571
437073557
799058279
441956792
192925409
273777709
425367313
275557767
310824139
384466959
276410069
964275742
273593371
424498623
453701949
305661689
271071879
180366772
191674426
347848534
180184480
265348889
272708821
425674118
255188769
280572807
210855803
156837755
265219771
461351051
402655271
312122708
189688739
509990326
190524139
216492291
278657418
308388734
193356324
124786212
255819617
396527561
397244485
320580796
601294331
94816235
192457140
776013566
396991395
312262419
457508554
279019963
192992000
433779548
191745945
192991588
436977361
198086161
215892170
214381093
425043632
796107947
194060041
271474397
274303126
191671609
216496763
516298942
437081545
307544189
178033463
662184830
216362937
460349977
356156825
553830127
425670130
397019042
192837982
326493726
274035500
182032912
311795031
311797349
277335230
397405781
436457549
434770599
216260922
194060032
407518115
191683586
198028795
271260179
147627379
403582742
273462014
460233122
275421090
436535397
184498424
265582419
383726917
314829910
442186007
43369463
273439019
397086083
403292406
191651419
193685581
412078171
419113603
453760822
423982329
278368828
268587152
319165622
434222011
442441751
285806039
93867723
194681806
191890346
200901097
441969849
466402249
326582027
442842031
273775707
201773772
436817970
94499042
148874344
192833375
194067700
191683805
94255705
275942749
402695342
397648330
425428683
402666619
180532412
191742360
191784391
697686765
218051826
427543013
449784369
319676230
194076472
313770460
312041543
436190476
194067684
274261212
277018857
425669461
451814717
254306120
194486186
198127220
435455848
320804465
194160750
280564983
349190665
306237828
274477936
191887125
413901232
271200452
320819373
419076302
425437977
418061195
191689351
277560343
194358752
194053826
405583770
424631230
407518013
194067790
279551959
164497538
405553928
512478206
178045853
381128591
147876752
415717440
175156927
175295193
346952422
274333360
397183014
402638074
190391143
397234946
180331169
265504449
425583072
321054966
279001487
195240420
199697497
204768526
166143223
312868124
425383444
384604404
424438633
201949669
278399434
191522667
191444504
407275860
271169208
147684474
310895786
177386308
614074785
451543372
411658413
178058549
54069255
442503462
323047910
397019050
260388107
191411379
595630873
917911294
454328340
776595889
436801031
319788462
436576593
177225836
307235692
453515330
307237948
197493931
306787869
981569632
426746724
142483277
180342865
194075994
192901531
181608291
194032542
426675988
313298678
273023122
169000437
436600084
194484825
436104801
404861357
192828850
459404736
823078088
402850908
147627488
182573004
417203929
436200662
265046849
437081792
347689991
965382217
425528892
270458463
368393962
177042065
320475077
279359144
189439925
371364279
385216178
265050354
212932884
436195495
319261168
349509767
214400952
384110713
200726110
360103819
183364436
322589121
397021266
425539759
193902923
274191570
306426014
274274885
147641839
191674354
273461123
188065380
320891596
308351391
193087812
252064658
436817969
409062187
311797386
43370803
147716366
436197220
417927600
273526044
425583387
314819991
274207000
279515616
279006106
194067792
478152614
273759011
197487578
194519303
255379168
397045563
192937586
198127490
191651960
349233977
345398918
311381701
310882761
177096259
916102957
404031487
191682427
255452603
275531065
216252699
54434639
278397901
180229238
425523205
397019152
397409900
261408934
391457768
278999995
43247450
343827436
457514951
207979282
193053490
434944332
271246658
396897016
194485005
192791474
193675125
276956311
403618109
916524626
180222957
179717627
386723808
424145447
500194272
405582686
403299308
270411463
437237076
312037600
320782628
913106499
322599552
226656013
413900973
436965854
193675247
397749179
194060080
345517193
260809320
177196002
411376038
215616928
532838236
175124399
436973434
371633122
436970849
173266238
425669524
500230541
518679735
425541280
397405958
54319018
384137177
425539597
191668442
436817972
275703225
260299798
190836407
436609141
198028752
436793711
44461661
425580395
214123392
275965863
322477911
195414899
287881063
256472591
320803302
192104948
202329721
207836395
265317542
312035549
312260395
192860538
442845032
275960668
436941718
441976574
197450888
401185187
189574654
197688622
278848123
396270173
44483642
278707639
418385899
212937446
218025918
147629238
308401072
141303916
383737503
274325137
275753370
413162472
396995674
260942863
849275087
216186361
359062252
442050194
557076979
436818079
191691372
310289398
214317494
437077668
43329891
321054068
396854119
192860552
147722823
425844745
313190790
320886730
397018915
320510814
405550316
255140247
361053322
396567872
194024729
261387102
425299340
499536377
424599620
210272312
255454729
165012110
194035578
193355826
275556712
436179598
193356811
457492853
425584391
442184652
521993118
424930878
188049448
273832573
191044001
436886205
214166344
425660644
397060071
390559309
147863174
425296398
425675176
169088533
279001621
435770560
194453820
202607815
198051595
436805519
266365764
409172902
403987168
551713208
320516454
360403909
498700653
447407426
214137099
182279386
397020111
739164337
280565089
276480065
216537106
263400550
256557931
275958169
397060706
197859875
424895870
263466491
177202010
344855057
384722044
397025422
210602733
260313352
269673438
397052128
125592303
265025145
384135617
277950712
193312033
275989055
278647173
260313247
271192336
326617175
383711464
147818409
545693619
436813725
280668268
312606445
308931830
270084388
424930726
105968073
183360164
193964288
194087978
178082187
277539941
177326493
383461513
426398847
277531760
441969783
344178468
424939327
437146292
395965765
397757723
263400681
194275548
273805026
57804927
192991819
407127783
308450803
194164054
396766590
307227851
509934979
195195886
701739433
216862946
345393069
397057192
193684064
182515331
212933215
276505316
407952670
207872468
345117581
436163732
96545165
433619210
254356622
264956448
308308415
177328368
419034201
320314507
265047383
281179261
284055335
200773902
414291010
270498948
437187934
312976592
424978126
311024595
180184655
419523003
434541016
447303845
278668362
424705933
257348446
191694366
164863488
433777717
260313448
442858753
436324342
273799876
278660339
260074403
402752105
194057955
503385476
424874646
275641132
434966357
320812434
194067704
424629940
454341524
397050511
313743861
216918548
194917036
554352380
307073293
193088215
272524639
384608178
275443096
383674231
461560136
322426809
442257114
433778882
397055848
435561134
404030650
399179627
424476588
321067317
405162700
347695946
424479588
256429540
192734205
491614517
551976783
260948898
42615833
193717914
275963776
273528386
424450909
308364914
215981612
279390500
384150643
402690430
384685434
435934383
281247591
402720218
345403380
463772371
214167594
437203951
454269174
201805564
558238368
178401761
374091574
456270906
307311209
207970950
347693139
320815071
447337507
431003763
453456502
194379091
425540039
341211148
407652450
425547475
213099564
266220948
375122663
399657640
313250896
175285676
409154371
308351470
214386068
425551634
424933875
402692128
273751456
397405624
178388058
348688371
261410797
444741508
260313352
519519194
277455666
425077780
265578982
424630145
275699221
466763741
424783247
321230218
214138281
436973372
436614847
189592517
417516334
464907718
321163238
192738112
396897023
251443100
466084618
310954379
280280921
146951311
273743562
424458571
306425948
738508377
177327677
393243645
442012510
277366857
397020237
397130785
436652002
194017053
709001173
256472697
279002602
268653275
413945214
424001737
202703404
260263471
787782184
198120727
191584525
192733991
454324486
388328543
274214188
280175344
194081444
411717167
275362498
194053994
383689719
277190884
358934167
193086743
263408925
200720946
437159997
516959197
273748880
434823322
191691099
276189629
435899804
402695869
954290886
202500270
370483499
192112341
190568732
407095084
153624365
349142987
397019035
371730671
307748567
308400793
425549319
273732460
175128078
44474337
948777104
738385476
320829064
511489440
425113119
425660994
320825954
397092273
278404618
418614473
385427857
424539500
419884189
396524893
214170069
194015744
397274631
217003918
190568818
435601887
437237068
405548823
273775706
383010745
418015510
689408676
405582885
371685126
309059539
201675226
269039338
402705834
273535772
425366534
194537959
191674525
310946909
260945737
397174478
191672447
554304062
199125418
121444903
273535794
383711712
404987181
193676241
425689500
434609343
469197777
216179217
425627034
276219692
437267072
183288424
437274793
191505889
407018840
347670318
384071750
95268538
273800728
189390677
397645824
218056664
349498498
212933482
405736359
201851589
256509467
396991137
318793847
174822937
192864150
273825577
486264200
396851415
426651383
182573053
425692267
285341307
913310272
218715382
312331394
425304454
425547620
273757732
916505630
776206890
411932081
276272837
192900345
320000785
147557543
207509688
191691347
265325284
254032259
310940770
276241250
460330800
434619452
275565629
306778468
345372618
425359742
698693953
424438705
274206234
436970846
197451258
402710749
177327097
425384459
165994509
273773424
214125093
190522465
274490065
447302179
485129341
396897033
405368238
218153960
280662910
105964478
276236416
147816670
275648660
397999572
212924134
405190739
178291879
277462816
396508632
258718904
260444217
278176246
217084944
190596500
177200317
188224725
191691138
396875823
273743432
306951917
265323485
265365109
397057062
271200732
425664370
199623739
55259535
946349991
254705873
312371355
275882790
256262075
260077464
277924725
180332201
389138308
273739568
436976981
321095860
323162927
312269315
202706123
207667141
194080614
194032525
276598001
734448752
424631147
418045743
405201516
442072917
286104998
193609549
251852159
427497740
203420915
275989078
263521630
305105262
63622026
415719251
296295994
397118452
199692977
177003283
276961311
397093642
425664349
437154495
985418375
264811024
425673701
212933774
960208295
345913926
320852535
276478431
408257582
391646770
965319323
265502988
275986413
401384353
383467792
403088928
274180237
425660800
198485024
414371022
490457812
454327225
425365495
313765737
434536625
183388968
347991111
326497144
728877707
194060049
451543449
198050742
448218461
155146844
255517250
305779204
275558302
195195305
278745259
420719366
523087780
194987199
544107075
271257268
275696887
190510394
948829163
261562552
265761250
274039935
598433056
425327781
189367086
278385018
349295768
557186743
315440668
404724493
424468693
194060548
396522858
255380981
273748307
44543098
178439533
395944051
273743398
397019669
391656178
509804444
277060147
192991864
45720726
448041100
321113841
383429631
193986013
180511609
275700896
402691991
313746292
257761170
278382926
553787333
425586187
442008792
200780134
194067749
177425713
198470740
296301603
447562052
464903772
409046261
447343620
192934810
275700721
216840980
414201884
177320949
319184001
425673654
221349693
280667234
265417174
395392981
190896751
198370067
344448002
216804400
307228025
396896879
194423338
276000651
425539649
318794026
191692331
425563741
273743561
270065224
434871836
198293561
279391734
442070133
275696927
396897023
326622782
460202342
405760734
436401100
396755919
456346266
265584133
193137404
449804792
214123106
485251111
464899124
622100940
177153412
349268627
419136243
436800913
447341821
191691390
305653846
147878346
147569305
309897223
181914564
407126246
401280252
436175120
434525947
94038771
634350900
202513007
193081074
499245954
345236392
177999754
276000659
181506642
427389605
265320521
347687841
178045833
444939185
318524154
216021978
396894184
192867504
436270011
402618257
476754706
403984973
189418275
194540699
191674433
215860383
322549535
275956384
212901525
424476570
280798657
447404850
142505018
397682563
255892999
200790310
165152039
169709187
94184337
259999934
697423270
275396040
383711009
209623184
326891103
279407946
505545675
194080405
264670967
436947794
217669317
417979783
194026552
188163592
191694953
307226287
506029834
147639533
276780267
191674415
312603715
200779480
323178516
147629300
313746303
182009785
207570571
214133387
192390495
396908609
278829477
436790810
434617763
560758639
278941629
397019101
275696865
188163589
268545116
