100 200 1
40 67
36 20
79 60
80 99
54 65
56 45
29 94
11 90
1 9
76 16
8 40
78 91
1 51
32 79
19 83
75 7
8 27
24 34
99 4
82 97
6 36
16 25
11 62
100 93
10 59
29 48
70 13
90 70
6 3
73 58
6 29
90 10
45 31
75 8
90 54
48 22
92 80
83 37
48 77
19 71
16 84
19 33
40 19
56 89
2 73
77 17
50 28
19 46
66 26
8 30
13 78
19 96
76 2
24 100
10 52
39 72
42 53
62 12
25 55
11 64
77 39
82 56
42 92
75 21
97 57
56 35
75 14
7 41
70 69
45 66
61 81
8 76
73 18
2 49
90 85
73 47
11 5
25 88
62 24
20 43
42 15
75 61
24 23
64 82
65 44
96 74
70 95
78 98
11 75
95 87
90 6
95 68
81 86
76 32
36 42
90 38
73 63
13 1
59 50
26
43
59
64
25
41
76
52
95
72
37
84
33
79
48
59
46
36
37
60
39
96
35
62
72
12
4
44
20
94
23
28
3
38
89
3
91
89
21
60
41
79
95
88
64
37
47
51
42
8
79
29
6
99
57
78
82
28
10
49
78
77
80
69
89
82
92
41
64
74
50
5
35
92
13
9
72
38
42
25
39
80
22
26
74
43
5
5
96
60
99
28
84
96
97
51
75
95
69
70
7
73
53
93
68
48
21
89
2
23
6
50
65
19
82
51
13
53
89
6
10
51
48
47
79
35
69
78
63
27
57
39
59
25
48
7
47
18
36
19
26
82
53
67
1
64
79
73
63
11
87
80
94
83
53
77
55
87
98
15
89
81
11
89
39
7
6
67
51
49
75
30
25
73
3
27
20
75
36
83
60
53
56
82
36
77
83
90
46
24
4
11
51
37
32
33
99
87
36
86
6
