1000 2000 1000
1 2
2 3
3 4
4 5
5 6
6 7
7 8
8 9
9 10
10 11
11 12
12 13
13 14
14 15
15 16
16 17
17 18
18 19
19 20
20 21
21 22
22 23
23 24
24 25
25 26
26 27
27 28
28 29
29 30
30 31
31 32
32 33
33 34
34 35
35 36
36 37
37 38
38 39
39 40
40 41
41 42
42 43
43 44
44 45
45 46
46 47
47 48
48 49
49 50
50 51
51 52
52 53
53 54
54 55
55 56
56 57
57 58
58 59
59 60
60 61
61 62
62 63
63 64
64 65
65 66
66 67
67 68
68 69
69 70
70 71
71 72
72 73
73 74
74 75
75 76
76 77
77 78
78 79
79 80
80 81
81 82
82 83
83 84
84 85
85 86
86 87
87 88
88 89
89 90
90 91
91 92
92 93
93 94
94 95
95 96
96 97
97 98
98 99
99 100
100 101
101 102
102 103
103 104
104 105
105 106
106 107
107 108
108 109
109 110
110 111
111 112
112 113
113 114
114 115
115 116
116 117
117 118
118 119
119 120
120 121
121 122
122 123
123 124
124 125
125 126
126 127
127 128
128 129
129 130
130 131
131 132
132 133
133 134
134 135
135 136
136 137
137 138
138 139
139 140
140 141
141 142
142 143
143 144
144 145
145 146
146 147
147 148
148 149
149 150
150 151
151 152
152 153
153 154
154 155
155 156
156 157
157 158
158 159
159 160
160 161
161 162
162 163
163 164
164 165
165 166
166 167
167 168
168 169
169 170
170 171
171 172
172 173
173 174
174 175
175 176
176 177
177 178
178 179
179 180
180 181
181 182
182 183
183 184
184 185
185 186
186 187
187 188
188 189
189 190
190 191
191 192
192 193
193 194
194 195
195 196
196 197
197 198
198 199
199 200
200 201
201 202
202 203
203 204
204 205
205 206
206 207
207 208
208 209
209 210
210 211
211 212
212 213
213 214
214 215
215 216
216 217
217 218
218 219
219 220
220 221
221 222
222 223
223 224
224 225
225 226
226 227
227 228
228 229
229 230
230 231
231 232
232 233
233 234
234 235
235 236
236 237
237 238
238 239
239 240
240 241
241 242
242 243
243 244
244 245
245 246
246 247
247 248
248 249
249 250
250 251
251 252
252 253
253 254
254 255
255 256
256 257
257 258
258 259
259 260
260 261
261 262
262 263
263 264
264 265
265 266
266 267
267 268
268 269
269 270
270 271
271 272
272 273
273 274
274 275
275 276
276 277
277 278
278 279
279 280
280 281
281 282
282 283
283 284
284 285
285 286
286 287
287 288
288 289
289 290
290 291
291 292
292 293
293 294
294 295
295 296
296 297
297 298
298 299
299 300
300 301
301 302
302 303
303 304
304 305
305 306
306 307
307 308
308 309
309 310
310 311
311 312
312 313
313 314
314 315
315 316
316 317
317 318
318 319
319 320
320 321
321 322
322 323
323 324
324 325
325 326
326 327
327 328
328 329
329 330
330 331
331 332
332 333
333 334
334 335
335 336
336 337
337 338
338 339
339 340
340 341
341 342
342 343
343 344
344 345
345 346
346 347
347 348
348 349
349 350
350 351
351 352
352 353
353 354
354 355
355 356
356 357
357 358
358 359
359 360
360 361
361 362
362 363
363 364
364 365
365 366
366 367
367 368
368 369
369 370
370 371
371 372
372 373
373 374
374 375
375 376
376 377
377 378
378 379
379 380
380 381
381 382
382 383
383 384
384 385
385 386
386 387
387 388
388 389
389 390
390 391
391 392
392 393
393 394
394 395
395 396
396 397
397 398
398 399
399 400
400 401
401 402
402 403
403 404
404 405
405 406
406 407
407 408
408 409
409 410
410 411
411 412
412 413
413 414
414 415
415 416
416 417
417 418
418 419
419 420
420 421
421 422
422 423
423 424
424 425
425 426
426 427
427 428
428 429
429 430
430 431
431 432
432 433
433 434
434 435
435 436
436 437
437 438
438 439
439 440
440 441
441 442
442 443
443 444
444 445
445 446
446 447
447 448
448 449
449 450
450 451
451 452
452 453
453 454
454 455
455 456
456 457
457 458
458 459
459 460
460 461
461 462
462 463
463 464
464 465
465 466
466 467
467 468
468 469
469 470
470 471
471 472
472 473
473 474
474 475
475 476
476 477
477 478
478 479
479 480
480 481
481 482
482 483
483 484
484 485
485 486
486 487
487 488
488 489
489 490
490 491
491 492
492 493
493 494
494 495
495 496
496 497
497 498
498 499
499 500
500 501
501 502
502 503
503 504
504 505
505 506
506 507
507 508
508 509
509 510
510 511
511 512
512 513
513 514
514 515
515 516
516 517
517 518
518 519
519 520
520 521
521 522
522 523
523 524
524 525
525 526
526 527
527 528
528 529
529 530
530 531
531 532
532 533
533 534
534 535
535 536
536 537
537 538
538 539
539 540
540 541
541 542
542 543
543 544
544 545
545 546
546 547
547 548
548 549
549 550
550 551
551 552
552 553
553 554
554 555
555 556
556 557
557 558
558 559
559 560
560 561
561 562
562 563
563 564
564 565
565 566
566 567
567 568
568 569
569 570
570 571
571 572
572 573
573 574
574 575
575 576
576 577
577 578
578 579
579 580
580 581
581 582
582 583
583 584
584 585
585 586
586 587
587 588
588 589
589 590
590 591
591 592
592 593
593 594
594 595
595 596
596 597
597 598
598 599
599 600
600 601
601 602
602 603
603 604
604 605
605 606
606 607
607 608
608 609
609 610
610 611
611 612
612 613
613 614
614 615
615 616
616 617
617 618
618 619
619 620
620 621
621 622
622 623
623 624
624 625
625 626
626 627
627 628
628 629
629 630
630 631
631 632
632 633
633 634
634 635
635 636
636 637
637 638
638 639
639 640
640 641
641 642
642 643
643 644
644 645
645 646
646 647
647 648
648 649
649 650
650 651
651 652
652 653
653 654
654 655
655 656
656 657
657 658
658 659
659 660
660 661
661 662
662 663
663 664
664 665
665 666
666 667
667 668
668 669
669 670
670 671
671 672
672 673
673 674
674 675
675 676
676 677
677 678
678 679
679 680
680 681
681 682
682 683
683 684
684 685
685 686
686 687
687 688
688 689
689 690
690 691
691 692
692 693
693 694
694 695
695 696
696 697
697 698
698 699
699 700
700 701
701 702
702 703
703 704
704 705
705 706
706 707
707 708
708 709
709 710
710 711
711 712
712 713
713 714
714 715
715 716
716 717
717 718
718 719
719 720
720 721
721 722
722 723
723 724
724 725
725 726
726 727
727 728
728 729
729 730
730 731
731 732
732 733
733 734
734 735
735 736
736 737
737 738
738 739
739 740
740 741
741 742
742 743
743 744
744 745
745 746
746 747
747 748
748 749
749 750
750 751
751 752
752 753
753 754
754 755
755 756
756 757
757 758
758 759
759 760
760 761
761 762
762 763
763 764
764 765
765 766
766 767
767 768
768 769
769 770
770 771
771 772
772 773
773 774
774 775
775 776
776 777
777 778
778 779
779 780
780 781
781 782
782 783
783 784
784 785
785 786
786 787
787 788
788 789
789 790
790 791
791 792
792 793
793 794
794 795
795 796
796 797
797 798
798 799
799 800
800 801
801 802
802 803
803 804
804 805
805 806
806 807
807 808
808 809
809 810
810 811
811 812
812 813
813 814
814 815
815 816
816 817
817 818
818 819
819 820
820 821
821 822
822 823
823 824
824 825
825 826
826 827
827 828
828 829
829 830
830 831
831 832
832 833
833 834
834 835
835 836
836 837
837 838
838 839
839 840
840 841
841 842
842 843
843 844
844 845
845 846
846 847
847 848
848 849
849 850
850 851
851 852
852 853
853 854
854 855
855 856
856 857
857 858
858 859
859 860
860 861
861 862
862 863
863 864
864 865
865 866
866 867
867 868
868 869
869 870
870 871
871 872
872 873
873 874
874 875
875 876
876 877
877 878
878 879
879 880
880 881
881 882
882 883
883 884
884 885
885 886
886 887
887 888
888 889
889 890
890 891
891 892
892 893
893 894
894 895
895 896
896 897
897 898
898 899
899 900
900 901
901 902
902 903
903 904
904 905
905 906
906 907
907 908
908 909
909 910
910 911
911 912
912 913
913 914
914 915
915 916
916 917
917 918
918 919
919 920
920 921
921 922
922 923
923 924
924 925
925 926
926 927
927 928
928 929
929 930
930 931
931 932
932 933
933 934
934 935
935 936
936 937
937 938
938 939
939 940
940 941
941 942
942 943
943 944
944 945
945 946
946 947
947 948
948 949
949 950
950 951
951 952
952 953
953 954
954 955
955 956
956 957
957 958
958 959
959 960
960 961
961 962
962 963
963 964
964 965
965 966
966 967
967 968
968 969
969 970
970 971
971 972
972 973
973 974
974 975
975 976
976 977
977 978
978 979
979 980
980 981
981 982
982 983
983 984
984 985
985 986
986 987
987 988
988 989
989 990
990 991
991 992
992 993
993 994
994 995
995 996
996 997
997 998
998 999
999 1000
625
62
233
63
845
442
163
275
1
42
199
470
950
701
402
140
15
674
130
624
832
247
864
979
375
872
653
540
145
141
344
289
201
228
762
707
737
582
699
442
159
989
961
601
230
457
356
411
704
451
455
758
306
468
470
991
684
476
871
742
293
372
203
307
96
962
130
291
14
655
478
428
720
852
293
954
953
677
490
685
99
313
328
865
615
207
372
525
770
135
670
92
523
321
981
52
906
69
160
48
864
304
29
136
816
190
773
206
562
146
943
831
71
757
317
273
210
311
473
887
32
429
34
710
555
22
599
182
187
176
942
597
859
316
119
717
367
422
981
140
321
925
197
324
929
176
804
24
165
867
861
768
231
861
303
461
732
863
587
472
562
998
788
601
350
988
401
457
985
736
307
556
64
787
964
296
385
638
789
354
50
701
615
10
680
968
71
424
12
596
705
577
459
154
951
826
840
798
717
158
32
776
614
637
15
205
717
444
446
635
238
739
684
839
599
588
684
728
97
357
655
966
666
57
516
581
748
533
204
702
559
116
200
350
894
403
184
251
618
744
876
593
779
843
598
460
404
872
649
406
773
557
619
15
941
778
125
163
713
982
9
205
755
168
594
696
965
267
643
257
662
282
581
88
624
181
245
560
495
536
167
650
115
172
416
765
162
723
795
869
741
955
998
310
654
544
583
329
672
62
159
176
567
678
700
823
811
191
12
873
920
250
78
620
981
413
367
379
491
994
154
895
897
734
14
198
56
483
142
84
660
494
562
385
366
698
167
857
163
315
595
964
44
334
175
560
431
522
721
340
675
694
970
501
72
133
276
157
69
245
250
678
210
668
863
682
443
705
890
600
773
345
502
990
836
40
23
581
60
401
909
962
626
424
477
593
50
10
334
487
575
870
841
499
414
300
235
869
213
640
729
165
742
61
248
600
757
698
583
246
827
203
804
879
713
847
19
298
173
802
510
577
117
812
520
48
57
721
392
929
18
150
445
812
869
9
887
392
906
532
939
847
221
203
275
857
593
276
682
161
987
167
464
133
420
564
131
931
821
123
806
926
765
609
720
872
97
27
550
65
259
517
946
185
948
902
204
378
921
628
436
929
92
692
337
38
116
158
535
53
65
710
333
65
28
279
548
291
830
997
119
959
48
814
344
426
766
162
96
6
28
625
589
879
823
784
447
77
469
457
929
913
647
524
963
196
676
971
300
513
357
242
775
47
284
673
358
584
486
933
782
527
36
548
335
189
411
759
595
748
969
942
535
918
26
738
445
270
387
20
785
268
900
752
996
893
66
803
621
946
587
932
442
918
770
361
830
605
699
68
621
518
716
153
501
642
497
299
590
674
107
965
385
633
392
84
4
223
506
212
932
755
55
30
98
978
784
398
241
464
834
109
178
993
876
943
188
418
90
745
915
492
34
108
501
483
804
590
314
224
623
473
134
814
90
861
447
790
216
267
823
991
864
653
977
544
709
380
953
490
677
864
367
679
907
69
387
195
284
574
682
829
755
802
32
655
494
10
65
83
307
738
500
133
117
572
345
717
109
513
754
598
26
705
148
501
174
973
4
466
433
576
659
676
435
473
792
867
166
476
686
199
752
150
477
977
485
234
217
329
911
583
247
563
951
380
791
588
152
592
821
448
209
337
610
978
570
760
576
390
41
998
998
881
199
973
432
694
259
858
47
763
415
719
679
665
736
503
132
555
996
781
161
597
408
478
824
465
634
983
259
141
875
288
693
173
690
960
917
653
528
503
285
541
710
13
630
312
308
980
680
238
457
538
797
773
564
964
669
275
191
739
476
585
432
525
440
879
524
932
290
866
462
475
391
677
820
451
431
626
668
990
17
694
755
779
194
945
127
61
782
633
398
465
756
332
961
936
488
848
84
469
138
299
837
366
908
763
52
554
809
738
194
622
54
241
882
440
457
768
108
920
195
596
413
369
139
658
161
355
699
120
990
687
223
957
806
264
625
433
533
572
279
194
201
856
409
251
668
82
266
72
590
537
908
444
829
731
563
460
433
332
439
905
437
300
689
462
514
281
993
943
125
108
171
747
783
218
208
47
82
322
748
342
675
856
768
728
948
806
452
761
532
661
930
706
559
29
854
292
952
682
220
765
852
342
389
707
361
874
779
733
825
245
177
785
566
399
863
37
370
300
906
852
120
971
173
319
376
376
653
490
153
879
941
999
928
245
376
469
776
646
536
968
818
864
752
117
473
818
258
987
242
101
679
63
564
666
286
688
572
231
472
97
217
248
377
167
772
944
891
562
79
168
47
800
540
61
863
95
354
457
21
760
261
832
920
281
635
486
96
598
913
152
385
352
350
273
210
963
662
658
938
11
321
23
246
26
101
452
101
234
444
834
119
265
817
512
443
311
48
207
20
318
36
834
719
68
568
228
649
434
513
74
873
394
376
211
681
633
411
420
638
354
876
438
18
34
402
782
849
573
569
188
2
602
945
135
969
391
787
160
987
309
68
727
848
331
181
603
335
352
890
131
758
351
31
499
179
227
675
816
354
676
967
712
622
454
581
929
656
726
834
442
862
39
687
612
508
180
622
703
151
875
497
788
120
508
982
662
244
284
939
617
180
924
11
343
919
627
513
745
839
957
734
680
352
315
936
657
2
44
536
358
511
85
548
530
964
118
402
915
948
484
890
136
22
346
804
516
497
225
277
195
322
194
37
96
56
322
233
136
639
665
163
170
161
948
209
685
464
378
8
623
90
439
652
685
705
402
571
279
192
322
275
458
268
628
463
483
640
877
547
97
684
839
774
117
602
243
662
863
137
87
472
561
507
766
71
99
589
364
981
698
858
311
14
750
414
770
156
186
584
942
332
361
508
554
468
220
194
905
120
933
11
600
927
139
428
263
349
186
524
69
366
728
316
317
6
940
821
204
573
557
210
526
244
555
713
436
39
742
124
246
725
939
936
487
450
885
925
711
116
659
575
169
641
798
684
347
532
105
845
583
845
759
912
373
669
489
67
958
947
909
868
331
903
698
674
465
644
724
173
942
978
55
234
279
188
255
686
966
611
585
327
117
365
852
950
152
782
285
954
61
27
955
187
89
978
819
506
527
99
68
639
803
644
228
340
529
158
129
294
521
983
211
642
746
67
332
301
726
537
721
541
331
274
304
888
708
636
789
715
723
238
314
591
446
368
731
552
395
943
804
88
918
383
856
454
10
480
18
901
818
224
364
246
425
714
254
792
948
20
464
709
795
281
908
382
167
730
587
642
153
242
988
900
678
152
696
165
729
102
610
324
474
796
14
483
477
866
227
417
288
157
552
930
521
382
156
89
548
556
733
7
800
149
766
943
761
209
182
462
777
399
36
231
578
171
281
32
817
215
670
346
223
131
859
315
66
314
999
65
675
355
391
546
883
648
267
1
459
864
534
889
556
443
411
803
482
101
11
898
858
364
239
745
262
433
176
545
700
198
92
357
496
608
948
751
957
531
845
668
479
207
714
161
64
474
17
102
320
990
9
82
172
550
477
299
833
868
236
572
708
964
863
759
878
614
696
430
673
857
311
46
844
798
501
329
860
458
838
545
442
239
410
718
208
915
54
233
512
543
932
769
461
933
183
44
128
881
338
33
360
650
822
333
523
741
761
154
747
122
566
77
524
723
998
131
853
322
408
491
211
656
69
638
498
886
475
297
289
9
147
36
996
686
3
656
886
524
621
488
100
838
713
924
108
690
49
103
713
207
839
970
45
618
141
399
367
609
192
548
778
297
934
426
820
187
210
445
525
654
514
48
687
150
890
244
790
423
610
192
561
51
577
867
196
472
102
27
573
177
606
666
956
730
464
756
825
991
951
665
69
644
442
864
917
491
194
715
830
368
994
273
593
59
80
473
694
969
202
181
486
481
208
479
927
256
814
550
270
66
349
979
731
561
630
990
149
594
151
925
81
913
938
793
842
341
851
69
376
741
116
756
558
302
556
736
733
20
952
87
936
416
496
222
852
789
358
610
630
509
128
656
671
272
110
305
597
238
644
623
570
927
4
979
419
354
750
890
251
737
756
53
996
950
351
869
685
257
509
984
30
681
847
64
952
781
48
95
55
732
298
667
765
916
95
814
261
354
332
986
759
38
238
101
459
143
276
246
883
71
299
841
49
598
215
467
930
881
203
477
105
248
577
263
417
532
151
637
194
191
115
449
638
294
481
461
843
462
380
13
589
586
104
157
569
883
563
424
355
403
930
545
215
748
424
788
117
102
566
927
346
168
277
710
344
280
111
626
439
20
254
478
581
424
914
885
735
210
56
793
11
972
837
252
362
503
950
537
854
703
785
810
373
104
991
394
624
346
55
212
267
795
557
343
336
976
623
422
347
953
585
274
110
49
83
162
564
799
862
760
634
943
460
900
859
847
860
117
947
903
906
164
134
528
131
522
234
936
826
506
117
907
591
667
797
816
739
804
800
198
976
23
63
808
329
277
216
940
90
740
268
375
801
456
960
440
795
528
406
660
343
492
926
225
104
859
644
364
251
106
526
482
136
693
978
315
6
1
2
3
4
5
6
7
8
9
10
11
12
13
14
15
16
17
18
19
20
21
22
23
24
25
26
27
28
29
30
31
32
33
34
35
36
37
38
39
40
41
42
43
44
45
46
47
48
49
50
51
52
53
54
55
56
57
58
59
60
61
62
63
64
65
66
67
68
69
70
71
72
73
74
75
76
77
78
79
80
81
82
83
84
85
86
87
88
89
90
91
92
93
94
95
96
97
98
99
100
101
102
103
104
105
106
107
108
109
110
111
112
113
114
115
116
117
118
119
120
121
122
123
124
125
126
127
128
129
130
131
132
133
134
135
136
137
138
139
140
141
142
143
144
145
146
147
148
149
150
151
152
153
154
155
156
157
158
159
160
161
162
163
164
165
166
167
168
169
170
171
172
173
174
175
176
177
178
179
180
181
182
183
184
185
186
187
188
189
190
191
192
193
194
195
196
197
198
199
200
201
202
203
204
205
206
207
208
209
210
211
212
213
214
215
216
217
218
219
220
221
222
223
224
225
226
227
228
229
230
231
232
233
234
235
236
237
238
239
240
241
242
243
244
245
246
247
248
249
250
251
252
253
254
255
256
257
258
259
260
261
262
263
264
265
266
267
268
269
270
271
272
273
274
275
276
277
278
279
280
281
282
283
284
285
286
287
288
289
290
291
292
293
294
295
296
297
298
299
300
301
302
303
304
305
306
307
308
309
310
311
312
313
314
315
316
317
318
319
320
321
322
323
324
325
326
327
328
329
330
331
332
333
334
335
336
337
338
339
340
341
342
343
344
345
346
347
348
349
350
351
352
353
354
355
356
357
358
359
360
361
362
363
364
365
366
367
368
369
370
371
372
373
374
375
376
377
378
379
380
381
382
383
384
385
386
387
388
389
390
391
392
393
394
395
396
397
398
399
400
401
402
403
404
405
406
407
408
409
410
411
412
413
414
415
416
417
418
419
420
421
422
423
424
425
426
427
428
429
430
431
432
433
434
435
436
437
438
439
440
441
442
443
444
445
446
447
448
449
450
451
452
453
454
455
456
457
458
459
460
461
462
463
464
465
466
467
468
469
470
471
472
473
474
475
476
477
478
479
480
481
482
483
484
485
486
487
488
489
490
491
492
493
494
495
496
497
498
499
500
501
502
503
504
505
506
507
508
509
510
511
512
513
514
515
516
517
518
519
520
521
522
523
524
525
526
527
528
529
530
531
532
533
534
535
536
537
538
539
540
541
542
543
544
545
546
547
548
549
550
551
552
553
554
555
556
557
558
559
560
561
562
563
564
565
566
567
568
569
570
571
572
573
574
575
576
577
578
579
580
581
582
583
584
585
586
587
588
589
590
591
592
593
594
595
596
597
598
599
600
601
602
603
604
605
606
607
608
609
610
611
612
613
614
615
616
617
618
619
620
621
622
623
624
625
626
627
628
629
630
631
632
633
634
635
636
637
638
639
640
641
642
643
644
645
646
647
648
649
650
651
652
653
654
655
656
657
658
659
660
661
662
663
664
665
666
667
668
669
670
671
672
673
674
675
676
677
678
679
680
681
682
683
684
685
686
687
688
689
690
691
692
693
694
695
696
697
698
699
700
701
702
703
704
705
706
707
708
709
710
711
712
713
714
715
716
717
718
719
720
721
722
723
724
725
726
727
728
729
730
731
732
733
734
735
736
737
738
739
740
741
742
743
744
745
746
747
748
749
750
751
752
753
754
755
756
757
758
759
760
761
762
763
764
765
766
767
768
769
770
771
772
773
774
775
776
777
778
779
780
781
782
783
784
785
786
787
788
789
790
791
792
793
794
795
796
797
798
799
800
801
802
803
804
805
806
807
808
809
810
811
812
813
814
815
816
817
818
819
820
821
822
823
824
825
826
827
828
829
830
831
832
833
834
835
836
837
838
839
840
841
842
843
844
845
846
847
848
849
850
851
852
853
854
855
856
857
858
859
860
861
862
863
864
865
866
867
868
869
870
871
872
873
874
875
876
877
878
879
880
881
882
883
884
885
886
887
888
889
890
891
892
893
894
895
896
897
898
899
900
901
902
903
904
905
906
907
908
909
910
911
912
913
914
915
916
917
918
919
920
921
922
923
924
925
926
927
928
929
930
931
932
933
934
935
936
937
938
939
940
941
942
943
944
945
946
947
948
949
950
951
952
953
954
955
956
957
958
959
960
961
962
963
964
965
966
967
968
969
970
971
972
973
974
975
976
977
978
979
980
981
982
983
984
985
986
987
988
989
990
991
992
993
994
995
996
997
998
999
1000
