100 200 100
1 2
2 3
3 4
4 5
5 6
6 7
7 8
8 9
9 10
10 11
11 12
12 13
13 14
14 15
15 16
16 17
17 18
18 19
19 20
20 21
21 22
22 23
23 24
24 25
25 26
26 27
27 28
28 29
29 30
30 31
31 32
32 33
33 34
34 35
35 36
36 37
37 38
38 39
39 40
40 41
41 42
42 43
43 44
44 45
45 46
46 47
47 48
48 49
49 50
50 51
51 52
52 53
53 54
54 55
55 56
56 57
57 58
58 59
59 60
60 61
61 62
62 63
63 64
64 65
65 66
66 67
67 68
68 69
69 70
70 71
71 72
72 73
73 74
74 75
75 76
76 77
77 78
78 79
79 80
80 81
81 82
82 83
83 84
84 85
85 86
86 87
87 88
88 89
89 90
90 91
91 92
92 93
93 94
94 95
95 96
96 97
97 98
98 99
99 100
98
96
56
96
31
83
12
29
52
48
36
96
10
48
72
56
50
75
67
15
80
27
17
14
48
84
78
76
1
72
91
11
30
6
75
3
64
92
8
84
53
38
22
44
33
31
54
15
62
4
21
20
35
68
8
81
42
6
19
4
18
49
25
4
83
45
65
22
2
93
5
45
17
8
65
34
2
56
99
87
42
11
17
10
38
12
45
21
48
2
85
8
45
73
9
76
37
23
82
10
89
96
94
86
41
64
65
51
51
78
54
16
41
58
23
44
78
46
37
85
17
23
72
8
18
45
39
90
66
41
82
60
8
59
70
42
81
30
95
16
52
83
8
46
2
87
5
14
10
72
34
60
5
55
26
39
67
65
65
64
29
34
30
82
20
50
10
78
77
78
64
51
68
96
92
41
2
76
93
51
15
22
21
70
23
49
87
39
39
7
27
84
59
43
61
78
63
96
61
44
1
2
3
4
5
6
7
8
9
10
11
12
13
14
15
16
17
18
19
20
21
22
23
24
25
26
27
28
29
30
31
32
33
34
35
36
37
38
39
40
41
42
43
44
45
46
47
48
49
50
51
52
53
54
55
56
57
58
59
60
61
62
63
64
65
66
67
68
69
70
71
72
73
74
75
76
77
78
79
80
81
82
83
84
85
86
87
88
89
90
91
92
93
94
95
96
97
98
99
100
