1000 2000 1000
968 562
680 625
381 745
508 400
44 139
24 901
264 349
927 475
683 559
837 254
767 281
966 233
172 545
59 84
73 284
628 689
144 591
621 93
770 371
849 68
964 272
309 705
576 146
375 121
742 679
887 529
554 668
855 765
837 477
272 89
919 759
899 228
74 842
942 384
848 632
375 553
830 64
625 369
579 820
929 221
564 717
887 231
351 909
440 170
576 6
529 999
296 560
382 984
182 954
102 929
911 60
194 515
340 507
830 683
80 375
929 74
864 144
938 902
195 794
159 969
543 795
895 337
133 923
179 609
848 338
432 11
761 287
43 95
40 296
639 399
384 415
458 843
881 698
766 926
678 504
41 129
883 397
848 1000
458 461
614 735
637 720
136 960
424 426
75 844
15 150
295 629
581 575
84 351
382 868
849 59
830 421
395 419
44 651
226 49
963 32
799 656
934 196
80 703
895 213
848 149
990 418
269 282
642 160
278 346
763 249
43 785
858 613
290 227
239 674
90 798
673 653
409 748
878 444
12 433
396 841
205 917
198 450
825 829
661 155
659 315
942 773
23 91
640 463
125 569
937 353
969 71
680 5
55 551
248 251
943 162
220 4
143 452
42 900
583 88
683 247
363 21
869 951
366 772
285 851
347 322
360 101
566 466
83 626
602 75
360 140
852 692
150 158
939 334
128 533
837 512
763 85
800 824
108 728
78 302
554 119
433 568
581 882
153 646
938 182
673 308
811 13
362 429
220 242
411 896
886 783
838 731
963 487
273 801
691 342
37 434
360 521
407 344
455 229
9 927
779 20
458 863
79 142
739 561
945 655
659 904
363 67
381 702
264 297
107 682
194 667
351 409
501 307
829 552
580 19
352 309
617 462
521 654
446 299
702 758
461 335
559 210
525 279
929 680
44 303
340 877
789 57
184 755
306 42
205 897
703 63
333 754
133 869
453 747
231 955
478 597
179 175
929 764
953 695
656 370
351 440
436 183
440 579
924 336
287 55
244 840
328 803
38 658
38 124
318 816
553 958
432 471
911 916
369 45
97 230
154 69
665 181
381 154
330 853
801 686
165 946
194 318
269 614
948 870
478 159
32 952
151 666
50 367
953 865
95 828
443 368
347 693
288 726
895 62
593 237
32 390
669 171
231 665
246 135
142 446
746 669
491 883
833 173
196 56
481 332
848 514
474 438
288 422
892 31
286 198
23 257
269 556
47 14
169 685
272 640
713 490
631 732
398 36
216 676
194 744
865 24
391 831
170 494
115 612
645 305
895 572
640 944
102 602
102 973
52 802
748 52
451 27
474 921
519 293
539 937
680 289
679 627
691 762
680 269
669 837
581 392
137 202
32 911
250 316
539 191
690 774
953 856
412 997
879 996
75 311
59 324
424 427
68 180
312 981
742 624
938 727
410 652
641 156
138 809
907 413
640 662
785 224
628 169
569 163
680 501
579 406
79 449
590 235
689 141
207 949
861 700
15 554
106 832
641 194
23 105
149 577
423 961
188 581
244 639
849 519
625 956
680 382
581 566
703 642
679 833
578 256
534 44
777 565
15 232
556 995
525 391
80 890
68 66
725 329
387 445
148 789
194 495
261 357
172 962
311 262
501 730
23 453
204 323
223 325
297 919
218 18
858 708
691 733
250 219
993 542
830 978
640 594
935 441
940 328
563 500
601 240
326 573
416 165
75 179
118 631
990 310
29 928
952 502
241 43
478 942
15 234
555 563
346 932
973 641
265 965
329 488
288 65
257 793
617 797
440 908
351 839
440 938
576 549
340 217
641 86
996 659
908 48
410 46
340 207
628 866
519 675
625 261
913 246
501 393
973 1
785 448
892 245
243 769
425 970
874 473
296 147
779 959
59 963
15 587
548 741
641 428
489 354
973 259
244 192
218 321
125 914
59 381
895 616
478 301
431 39
453 777
175 491
691 767
351 203
192 714
695 23
824 893
478 605
110 688
705 860
230 873
591 511
907 574
865 805
72 442
375 523
59 33
40 862
159 509
478 830
863 306
222 73
73 931
149 451
428 425
694 534
216 363
468 790
503 414
726 424
744 739
887 241
164 416
836 834
931 436
252 268
809 333
694 365
84 80
770 871
195 271
43 166
261 404
4 825
553 125
140 410
360 881
196 719
300 111
327 544
194 77
923 906
536 859
894 879
974 925
476 817
627 373
581 716
532 291
517 379
288 118
143 30
706 215
375 633
424 252
598 750
102 270
274 130
760 226
76 792
449 204
679 934
167 9
746 838
953 454
821 768
423 439
221 854
69 718
770 137
656 740
887 861
824 738
945 647
625 508
529 152
82 99
288 945
564 459
398 804
152 564
621 827
263 238
704 821
681 476
722 531
288 964
945 264
820 197
363 104
604 874
679 600
263 117
369 603
182 905
426 634
208 455
406 618
625 205
850 187
505 672
695 990
724 998
703 28
907 7
735 345
241 41
332 294
34 278
895 286
133 576
556 26
23 485
684 788
372 200
239 383
34 580
955 699
271 536
403 592
564 253
237 992
421 543
673 412
243 184
516 630
600 100
758 598
514 628
78 177
855 939
524 35
398 405
814 331
542 650
653 341
207 968
151 760
489 350
624 174
347 555
757 540
292 516
858 737
966 285
576 957
525 621
153 623
616 694
510 447
66 489
606 791
376 283
176 78
691 589
244 836
797 943
963 712
413 681
216 966
655 670
83 983
733 924
372 96
641 355
246 723
453 976
402 947
231 593
861 401
362 617
572 848
639 763
159 486
742 362
11 950
865 12
793 743
908 876
421 319
159 218
902 673
250 524
2 199
204 435
421 811
566 715
581 709
159 678
887 343
157 70
118 136
288 380
269 127
680 15
290 168
625 107
104 94
83 898
150 985
375 411
539 753
508 619
312 38
849 478
929 29
532 915
641 364
179 885
595 120
351 288
105 458
472 133
231 263
758 377
830 513
301 941
887 347
548 10
807 176
372 208
203 766
915 358
549 326
390 535
1000 599
220 615
288 3
76 209
647 584
37 671
381 402
581 134
624 248
495 116
463 16
216 604
857 25
318 190
86 274
40 222
40 657
700 701
895 910
478 300
133 778
197 106
412 423
138 922
18 582
197 722
134 374
680 610
973 940
862 258
617 460
301 930
978 746
74 815
122 403
225 330
318 547
641 887
886 276
208 522
868 661
658 431
84 216
364 114
788 736
268 506
938 546
680 691
864 800
87 266
311 987
887 846
480 586
304 113
958 389
340 539
248 878
487 131
279 126
748 498
352 864
951 361
42 620
865 532
875 432
583 103
901 22
192 648
135 81
556 115
510 899
204 684
94 51
291 387
285 517
303 206
864 469
804 164
148 327
318 696
422 185
858 366
973 895
133 847
665 585
357 492
182 277
865 148
443 894
102 465
111 850
823 994
777 496
127 823
68 108
830 725
105 991
364 359
351 578
243 891
288 17
243 822
616 128
978 151
308 677
766 312
973 724
735 394
375 637
882 520
557 796
111 153
347 771
564 58
683 526
136 538
361 541
610 757
472 189
534 273
159 220
251 729
409 372
290 813
425 456
779 145
988 339
440 376
286 690
579 157
680 470
661 810
881 8
134 481
409 977
641 472
158 82
203 756
263 61
73 636
23 290
231 83
908 396
448 776
43 110
658 752
606 867
833 886
887 935
933 467
743 880
137 707
716 645
74 936
769 53
973 457
286 567
3 430
852 97
589 2
310 122
811 76
104 132
624 468
725 607
386 806
934 649
363 211
250 304
869 314
176 571
351 37
519 742
830 974
591 214
713 971
318 993
813 255
581 807
824 784
922 888
417 780
125 706
613 87
725 644
445 558
245 920
478 143
279 510
679 528
329 386
427 889
993 660
250 54
200 638
640 588
915 420
901 474
978 90
680 138
79 704
658 903
459 193
40 503
625 360
341 749
676 201
592 356
795 611
79 606
222 875
32 298
680 79
604 483
792 313
133 858
105 250
643 595
687 493
73 280
274 635
923 388
870 499
136 845
270 378
907 787
964 713
875 710
711 761
391 484
493 596
102 849
59 497
623 979
742 123
468 918
23 225
565 697
300 912
625 505
55 808
423 590
509 417
793 982
579 537
3 812
529 711
271 583
1 348
382 643
705 786
852 265
263 570
434 98
371 518
695 687
922 50
147 464
150 975
871 884
446 482
191 557
225 385
683 770
86 236
321 933
261 782
656 550
959 818
621 721
250 799
849 953
267 814
973 407
679 913
664 989
152 295
911 437
288 72
742 188
125 40
378 167
691 340
105 855
747 734
957 260
983 601
886 872
837 112
964 980
281 857
66 292
679 195
71 47
712 395
529 239
915 109
427 986
303 819
938 172
205 892
122 988
846 408
269 223
304 775
381 34
347 664
600 92
148 779
908 398
343 835
1 267
848 320
159 244
888 212
340 751
236 530
111 852
726 525
278 186
32 663
157 178
203 948
32 622
517 972
922 967
715 243
84 527
683 907
789 352
415 781
653 317
465 479
223 826
580 608
270 480
198 548
908 161
830 275
440 443
421
69
465
696
731
658
719
221
393
393
887
496
581
983
340
99
236
113
59
661
867
589
248
557
934
330
281
130
705
681
618
720
141
16
621
644
846
57
593
685
982
246
413
678
924
523
131
924
465
152
292
709
385
712
3
765
845
307
941
53
478
630
22
132
679
232
704
283
14
54
799
175
362
254
946
200
458
312
409
23
644
219
931
869
369
537
320
478
460
97
479
744
427
118
419
918
255
789
17
600
216
877
43
273
553
954
430
316
97
660
383
313
641
458
848
63
559
778
957
978
303
457
522
831
86
25
112
519
546
681
755
722
597
95
304
388
862
695
915
962
333
777
582
114
427
550
936
603
836
367
555
362
787
503
826
328
526
882
228
864
943
644
324
891
614
944
902
492
330
130
496
705
852
396
842
25
805
325
627
296
176
514
662
972
384
43
276
10
783
999
196
451
769
665
704
785
470
366
458
685
220
432
500
424
678
448
369
977
452
306
758
467
372
410
980
292
136
524
788
614
129
751
7
949
744
16
324
485
149
728
365
126
352
439
533
161
891
618
697
638
679
722
124
159
755
792
541
520
268
62
817
42
633
433
676
224
617
817
897
124
249
150
269
90
16
760
571
106
874
830
838
223
940
542
862
424
262
572
557
558
655
692
357
132
579
863
879
90
816
418
62
342
506
599
455
581
997
979
451
529
897
528
370
853
967
569
293
35
565
886
295
105
783
67
633
501
415
164
665
23
230
82
249
700
111
759
189
306
298
685
311
29
285
50
742
258
268
673
531
943
14
985
534
398
556
813
793
392
461
437
248
229
203
149
337
755
740
744
997
258
614
114
874
777
833
819
734
363
714
885
963
836
876
705
79
294
898
305
919
343
427
614
282
101
976
425
335
847
72
229
784
342
48
773
985
73
72
883
551
927
516
624
795
332
201
4
934
212
797
608
399
12
602
50
857
673
755
115
125
859
643
682
976
473
181
820
765
424
174
914
497
937
833
795
210
615
635
995
972
834
332
668
108
212
340
833
835
218
533
951
313
664
647
672
777
327
819
843
210
404
13
265
505
58
727
435
282
798
354
580
535
444
495
330
426
81
609
249
805
656
511
19
618
311
490
896
130
292
116
921
649
599
259
43
736
820
304
36
199
417
969
687
163
62
456
639
208
1
41
391
942
920
6
916
870
912
308
890
165
494
870
837
589
798
447
250
4
956
946
723
353
324
179
970
753
623
772
700
435
218
476
571
462
297
504
889
779
294
326
906
202
488
802
871
80
830
983
650
610
170
315
995
721
471
861
278
448
661
250
707
112
934
906
873
246
523
709
757
271
977
614
881
461
41
22
928
983
632
723
463
61
342
282
587
744
943
574
308
516
735
63
12
307
145
359
193
552
727
520
108
485
668
608
250
78
65
355
650
815
734
476
997
3
864
417
702
957
383
120
647
685
744
962
574
659
355
506
361
394
583
154
95
991
659
336
660
746
872
174
654
567
212
158
472
43
66
874
102
878
462
131
2
997
723
514
866
974
639
868
741
114
619
871
308
782
727
135
515
159
766
220
977
49
585
538
312
669
457
550
124
147
971
866
344
803
736
503
290
582
498
896
23
471
688
984
336
641
854
491
206
996
722
823
435
843
681
900
18
387
26
844
751
387
765
417
594
117
730
374
446
392
664
939
130
518
849
773
789
181
704
674
191
393
336
557
892
517
661
774
925
140
813
366
185
586
454
981
725
722
470
460
800
609
605
831
658
18
850
180
164
778
665
117
467
379
586
723
364
803
37
316
742
319
33
609
395
470
758
142
532
30
410
253
904
106
333
558
805
994
230
718
351
127
195
141
304
818
391
993
795
930
718
742
54
497
779
973
91
496
439
444
222
889
349
798
435
414
381
218
68
129
270
55
864
56
913
825
574
264
487
793
13
262
724
768
119
608
461
747
159
218
334
343
568
978
438
417
601
881
730
74
409
170
100
197
447
776
62
18
953
620
300
823
594
565
457
886
235
907
685
225
13
499
399
318
895
352
109
496
646
539
577
6
182
607
549
207
170
273
554
895
617
216
30
104
708
297
415
272
776
828
571
313
877
579
706
984
343
140
169
91
574
701
561
30
18
953
429
776
125
162
650
644
904
379
642
90
635
438
24
256
444
799
935
770
3
874
799
448
70
998
51
567
64
154
298
740
107
974
424
212
373
352
862
725
490
258
436
668
996
938
905
83
978
228
297
131
15
541
453
127
628
190
434
410
352
414
54
638
135
976
542
726
807
602
728
895
592
641
885
381
393
287
226
17
556
167
476
699
999
69
416
522
102
348
861
434
295
80
172
776
820
975
544
129
739
179
247
173
591
835
51
154
923
472
580
798
966
198
607
592
437
159
931
199
294
147
838
834
146
380
697
352
458
232
409
238
561
143
591
230
192
393
690
428
881
510
889
239
41
264
650
925
923
146
679
5
387
157
456
694
275
18
383
825
548
880
663
974
939
224
685
749
506
504
901
114
801
535
755
962
956
803
526
125
555
297
852
369
342
473
916
142
577
970
47
228
579
388
72
262
302
540
66
458
940
478
837
926
356
719
584
516
781
932
769
76
10
490
706
130
710
256
80
380
900
208
383
903
197
289
823
890
280
453
862
434
412
560
965
132
358
90
760
268
672
774
393
106
482
207
757
724
615
184
882
478
522
214
350
614
995
367
296
363
360
225
598
273
929
503
551
952
110
985
822
897
684
528
467
931
867
956
61
763
569
217
957
159
424
42
208
746
990
123
153
208
435
29
216
676
545
620
685
751
901
153
516
75
629
58
347
958
925
761
102
872
425
73
881
633
225
115
413
297
706
273
329
669
828
492
926
559
681
941
403
419
574
914
562
35
20
40
58
427
793
819
601
667
94
439
391
272
116
97
706
764
751
217
588
435
948
242
333
865
624
938
87
807
172
616
3
548
180
755
541
833
156
623
865
989
906
558
788
861
889
508
412
386
283
598
898
375
150
619
119
129
505
331
769
911
629
655
172
897
951
946
677
125
461
384
203
862
350
189
233
736
693
867
410
192
504
149
663
570
990
500
784
104
235
261
740
978
250
649
7
493
928
612
183
426
795
129
512
873
15
397
139
297
585
937
115
299
258
432
622
721
775
987
667
104
427
681
262
721
604
290
134
718
875
829
909
403
346
767
596
475
216
582
387
603
565
941
225
48
71
81
733
465
672
960
482
848
396
665
87
58
289
547
440
912
761
93
215
525
195
809
249
293
597
665
559
406
894
275
75
9
249
930
916
358
405
790
824
66
407
683
28
73
510
144
445
894
976
636
143
781
18
298
180
841
994
265
713
175
373
202
194
994
707
283
788
91
287
360
296
252
789
560
497
690
519
313
10
892
217
171
669
247
477
660
52
38
284
934
375
216
467
672
736
873
727
319
756
974
950
345
940
991
48
322
725
788
954
410
38
796
319
401
454
785
697
460
246
239
683
794
751
772
797
284
148
361
396
599
708
559
736
71
709
106
969
871
658
891
682
141
951
861
356
797
339
36
524
712
967
828
426
405
638
827
734
587
238
504
8
577
709
22
79
438
511
626
368
697
214
318
654
156
862
759
469
39
62
270
613
290
817
363
727
577
437
906
112
219
390
614
864
254
406
752
641
612
675
624
164
912
956
661
926
692
508
970
883
876
231
357
53
806
121
47
745
230
324
366
67
823
886
531
882
163
966
794
115
947
284
474
28
502
994
962
135
583
877
879
708
584
421
925
730
949
460
702
494
401
859
806
980
209
694
796
15
341
535
193
951
736
740
132
120
744
997
775
266
531
331
98
301
201
548
210
483
780
724
567
598
299
794
739
250
331
49
88
490
124
963
227
564
455
540
579
389
202
907
474
472
283
479
399
422
273
26
463
426
745
92
783
586
804
7
470
890
264
998
131
354
894
479
647
958
216
930
133
318
929
195
66
145
134
547
356
578
743
626
576
262
416
79
197
35
90
958
637
876
499
230
546
965
205
835
27
581
378
800
499
601
420
330
667
855
23
718
466
623
318
303
188
923
541
797
348
816
864
978
431
504
516
942
638
325
314
725
545
534
849
564
987
843
253
373
273
579
670
271
779
666
163
207
738
171
21
772
327
454
186
801
794
732
616
552
668
348
14
199
763
832
202
81
123
585
657
510
949
507
80
487
688
463
33
56
315
623
67
790
393
518
279
565
146
839
856
708
47
529
140
591
282
328
916
138
555
324
25
968
438
18
149
300
777
197
106
630
10
844
389
714
846
863
292
841
864
661
330
403
858
278
790
280
301
938
589
68
546
975
943
508
905
826
851
134
248
817
470
688
577
429
122
810
614
612
667
556
383
110
567
254
560
940
398
889
740
683
846
988
481
464
595
889
547
932
268
159
157
912
704
625
329
781
445
247
921
726
455
18
494
878
497
914
848
134
11
812
355
553
712
454
204
314
959
421
531
634
70
409
24
427
877
868
898
136
211
306
34
70
705
231
614
182
922
291
415
772
894
365
752
46
594
428
714
236
822
769
668
89
736
896
295
789
596
775
1
2
3
4
5
6
7
8
9
10
11
12
13
14
15
16
17
18
19
20
21
22
23
24
25
26
27
28
29
30
31
32
33
34
35
36
37
38
39
40
41
42
43
44
45
46
47
48
49
50
51
52
53
54
55
56
57
58
59
60
61
62
63
64
65
66
67
68
69
70
71
72
73
74
75
76
77
78
79
80
81
82
83
84
85
86
87
88
89
90
91
92
93
94
95
96
97
98
99
100
101
102
103
104
105
106
107
108
109
110
111
112
113
114
115
116
117
118
119
120
121
122
123
124
125
126
127
128
129
130
131
132
133
134
135
136
137
138
139
140
141
142
143
144
145
146
147
148
149
150
151
152
153
154
155
156
157
158
159
160
161
162
163
164
165
166
167
168
169
170
171
172
173
174
175
176
177
178
179
180
181
182
183
184
185
186
187
188
189
190
191
192
193
194
195
196
197
198
199
200
201
202
203
204
205
206
207
208
209
210
211
212
213
214
215
216
217
218
219
220
221
222
223
224
225
226
227
228
229
230
231
232
233
234
235
236
237
238
239
240
241
242
243
244
245
246
247
248
249
250
251
252
253
254
255
256
257
258
259
260
261
262
263
264
265
266
267
268
269
270
271
272
273
274
275
276
277
278
279
280
281
282
283
284
285
286
287
288
289
290
291
292
293
294
295
296
297
298
299
300
301
302
303
304
305
306
307
308
309
310
311
312
313
314
315
316
317
318
319
320
321
322
323
324
325
326
327
328
329
330
331
332
333
334
335
336
337
338
339
340
341
342
343
344
345
346
347
348
349
350
351
352
353
354
355
356
357
358
359
360
361
362
363
364
365
366
367
368
369
370
371
372
373
374
375
376
377
378
379
380
381
382
383
384
385
386
387
388
389
390
391
392
393
394
395
396
397
398
399
400
401
402
403
404
405
406
407
408
409
410
411
412
413
414
415
416
417
418
419
420
421
422
423
424
425
426
427
428
429
430
431
432
433
434
435
436
437
438
439
440
441
442
443
444
445
446
447
448
449
450
451
452
453
454
455
456
457
458
459
460
461
462
463
464
465
466
467
468
469
470
471
472
473
474
475
476
477
478
479
480
481
482
483
484
485
486
487
488
489
490
491
492
493
494
495
496
497
498
499
500
501
502
503
504
505
506
507
508
509
510
511
512
513
514
515
516
517
518
519
520
521
522
523
524
525
526
527
528
529
530
531
532
533
534
535
536
537
538
539
540
541
542
543
544
545
546
547
548
549
550
551
552
553
554
555
556
557
558
559
560
561
562
563
564
565
566
567
568
569
570
571
572
573
574
575
576
577
578
579
580
581
582
583
584
585
586
587
588
589
590
591
592
593
594
595
596
597
598
599
600
601
602
603
604
605
606
607
608
609
610
611
612
613
614
615
616
617
618
619
620
621
622
623
624
625
626
627
628
629
630
631
632
633
634
635
636
637
638
639
640
641
642
643
644
645
646
647
648
649
650
651
652
653
654
655
656
657
658
659
660
661
662
663
664
665
666
667
668
669
670
671
672
673
674
675
676
677
678
679
680
681
682
683
684
685
686
687
688
689
690
691
692
693
694
695
696
697
698
699
700
701
702
703
704
705
706
707
708
709
710
711
712
713
714
715
716
717
718
719
720
721
722
723
724
725
726
727
728
729
730
731
732
733
734
735
736
737
738
739
740
741
742
743
744
745
746
747
748
749
750
751
752
753
754
755
756
757
758
759
760
761
762
763
764
765
766
767
768
769
770
771
772
773
774
775
776
777
778
779
780
781
782
783
784
785
786
787
788
789
790
791
792
793
794
795
796
797
798
799
800
801
802
803
804
805
806
807
808
809
810
811
812
813
814
815
816
817
818
819
820
821
822
823
824
825
826
827
828
829
830
831
832
833
834
835
836
837
838
839
840
841
842
843
844
845
846
847
848
849
850
851
852
853
854
855
856
857
858
859
860
861
862
863
864
865
866
867
868
869
870
871
872
873
874
875
876
877
878
879
880
881
882
883
884
885
886
887
888
889
890
891
892
893
894
895
896
897
898
899
900
901
902
903
904
905
906
907
908
909
910
911
912
913
914
915
916
917
918
919
920
921
922
923
924
925
926
927
928
929
930
931
932
933
934
935
936
937
938
939
940
941
942
943
944
945
946
947
948
949
950
951
952
953
954
955
956
957
958
959
960
961
962
963
964
965
966
967
968
969
970
971
972
973
974
975
976
977
978
979
980
981
982
983
984
985
986
987
988
989
990
991
992
993
994
995
996
997
998
999
1000
