100 300 100
69 56
57 62
59 32
46 15
99 28
51 5
67 20
40 33
7 35
12 23
77 16
75 6
31 96
60 55
92 77
80 26
15 91
66 84
51 46
32 36
90 97
24 82
84 98
56 4
61 69
50 17
19 85
6 19
49 14
50 95
50 34
61 58
33 29
61 21
60 47
89 57
8 18
13 78
6 2
5 8
76 38
8 88
95 54
10 76
95 92
56 12
77 9
40 24
8 75
50 80
86 7
5 70
26 99
46 13
55 45
54 86
54 43
36 74
69 25
80 52
95 22
44 61
1 94
70 39
67 30
95 31
1 11
3 73
96 3
37 87
44 71
80 67
12 37
55 41
21 100
61 64
40 49
23 42
7 48
27 90
18 83
67 63
60 51
67 93
32 89
80 10
65 1
67 44
61 40
89 81
44 72
69 53
13 65
67 59
22 79
67 60
62 68
40 27
51 66
15
58
71
22
86
2
37
65
35
15
59
51
9
86
21
80
14
44
68
6
42
49
64
79
89
9
5
17
59
44
88
22
86
4
32
33
49
30
59
82
11
55
14
4
50
60
86
74
42
14
3
81
3
12
16
38
82
98
58
6
11
35
51
28
45
28
95
12
10
12
12
69
88
98
31
38
66
43
92
27
66
54
97
19
18
23
15
15
2
16
85
56
49
12
36
89
50
54
44
29
13
63
24
38
48
18
25
76
62
3
54
56
18
56
16
78
93
70
23
25
40
78
21
18
41
36
51
91
53
74
72
37
61
39
79
42
55
54
87
49
28
58
67
81
42
60
78
62
11
86
61
85
68
83
7
62
75
30
90
64
24
32
31
54
47
77
24
78
89
43
45
75
4
45
53
13
50
18
99
45
86
75
93
15
35
36
72
7
15
91
30
17
11
53
60
76
84
75
97
5
29
29
76
27
14
76
37
20
78
29
16
98
88
14
97
96
58
36
34
45
62
86
52
37
6
37
74
88
46
63
57
28
42
5
71
14
23
92
44
89
58
36
7
44
98
94
75
24
77
48
79
65
13
26
91
12
45
94
94
78
3
89
57
21
70
52
58
10
49
51
47
79
90
76
58
49
53
25
95
66
34
97
1
42
73
83
33
93
68
38
51
75
41
93
85
90
10
63
83
12
1
2
3
4
5
6
7
8
9
10
11
12
13
14
15
16
17
18
19
20
21
22
23
24
25
26
27
28
29
30
31
32
33
34
35
36
37
38
39
40
41
42
43
44
45
46
47
48
49
50
51
52
53
54
55
56
57
58
59
60
61
62
63
64
65
66
67
68
69
70
71
72
73
74
75
76
77
78
79
80
81
82
83
84
85
86
87
88
89
90
91
92
93
94
95
96
97
98
99
100
