1000 2000 1
743 879
99 184
749 863
615 219
706 803
632 188
396 465
60 878
934 489
515 516
251 935
261 763
498 445
790 388
231 342
904 617
32 776
119 292
525 521
813 824
618 220
509 969
879 276
188 890
301 719
361 252
129 363
310 383
4 515
498 652
17 815
60 555
92 68
259 724
192 519
428 104
225 456
963 915
93 955
772 376
913 171
297 197
290 365
441 490
100 494
60 362
609 786
95 289
220 136
178 710
685 110
866 666
815 446
657 202
548 653
689 687
173 225
914 965
692 50
264 670
221 742
650 926
350 313
394 312
296 5
934 54
418 268
158 794
310 72
841 551
420 898
604 989
793 735
551 968
640 748
126 359
129 531
881 448
579 403
978 7
402 967
602 873
710 173
933 644
807 832
681 745
327 869
910 176
497 536
633 55
535 588
365 574
931 829
407 326
978 533
60 96
623 210
941 601
875 401
506 897
749 523
90 966
711 112
946 254
429 797
538 656
612 79
515 707
681 381
657 836
987 274
78 998
575 870
346 344
871 635
370 881
556 57
345 563
531 570
455 31
968 892
787 788
178 432
834 293
700 282
230 816
175 575
14 470
241 16
506 646
799 369
75 52
780 654
535 378
697 61
379 193
403 754
358 98
74 181
749 914
253 942
706 664
462 338
274 714
316 921
264 704
230 579
684 938
16 41
843 380
876 582
402 140
235 793
988 689
933 927
25 750
798 814
418 734
18 361
784 158
489 705
784 385
806 234
417 626
434 936
584 389
535 772
449 80
869 255
490 179
771 300
802 888
675 466
15 126
722 658
91 483
937 212
508 865
441 995
136 423
916 740
604 502
870 481
93 314
154 449
904 891
657 477
640 4
564 973
548 347
602 56
691 321
305 241
93 142
857 628
802 542
693 139
881 789
395 283
149 753
917 630
797 223
999 499
225 374
455 987
988 866
336 486
843 211
774 642
497 700
453 37
18 162
608 329
160 95
561 323
381 527
874 525
263 958
93 611
160 159
169 208
71 331
258 83
496 443
878 961
426 847
833 925
200 867
13 242
516 453
688 875
449 720
866 85
515 975
653 920
210 782
619 102
515 510
199 661
254 649
645 295
727 715
237 906
871 436
476 420
403 835
71 795
230 497
643 597
937 73
340 100
512 900
100 106
337 48
297 842
138 199
648 76
445 830
708 146
186 770
408 845
579 285
462 785
826 22
580 784
772 681
891 801
519 45
750 862
337 507
855 215
223 303
441 504
129 46
417 399
172 930
100 485
462 266
327 916
172 473
406 379
655 634
822 151
200 541
40 277
218 550
713 651
937 790
564 907
660 398
555 49
432 749
535 406
144 733
158 701
504 547
191 537
371 566
143 883
401 434
608 833
631 356
199 578
141 623
654 933
100 929
186 444
700 831
861 821
17 44
727 71
516 546
462 392
25 591
820 671
970 722
710 340
193 86
983 685
548 826
869 221
750 839
608 318
618 299
994 711
406 89
347 569
373 286
419 88
834 672
373 572
845 421
205 994
154 934
425 902
85 30
700 410
872 412
259 2
878 370
553 549
731 730
345 216
11 584
158 183
91 498
299 267
604 18
25 850
337 127
16 310
708 121
838 752
100 353
672 982
580 337
700 620
937 857
290 120
32 371
748 631
463 695
834 503
4 977
172 23
721 160
689 350
926 573
934 170
32 231
916 924
219 885
340 606
104 984
348 395
234 345
998 150
219 853
260 874
806 172
72 247
230 894
784 113
706 548
618 330
502 669
418 230
151 680
642 638
195 99
784 657
721 564
396 985
173 115
418 948
826 307
220 11
515 275
543 163
835 435
758 802
58 960
916 903
336 757
200 562
618 937
731 64
959 203
988 458
588 253
988 240
892 791
448 3
39 972
727 931
14 328
919 854
278 116
572 107
524 616
231 727
641 290
445 118
508 17
457 539
299 368
910 683
731 332
96 787
305 491
877 895
523 762
476 298
878 463
727 908
711 415
800 87
641 336
749 166
11 302
881 246
138 688
977 393
88 526
116 306
126 812
949 565
443 872
600 207
635 109
60 841
650 840
104 956
888 665
469 471
388 917
151 272
8 543
810 304
178 455
967 911
154 643
661 684
643 889
37 251
440 308
517 454
833 67
227 650
751 716
949 187
91 954
583 357
157 167
138 402
5 94
511 771
227 278
646 391
497 951
299 614
701 694
246 744
345 24
370 256
579 811
601 174
337 245
804 413
798 156
748 887
439 673
59 288
290 838
336 122
126 899
117 480
49 469
799 922
235 196
372 675
327 441
149 141
515 119
916 698
618 964
700 768
17 133
237 524
657 382
809 355
340 820
354 884
407 177
693 74
965 317
83 759
328 84
199 264
589 352
54 506
710 131
775 452
987 996
725 747
661 880
552 259
140 779
394 319
720 940
129 970
131 194
823 678
200 51
249 333
5 766
441 472
707 21
462 723
511 390
142 433
272 737
905 78
897 232
91 335
50 760
351 320
635 593
587 462
524 594
366 999
24 271
322 461
338 35
714 659
142 769
106 397
605 758
574 97
989 674
578 190
775 805
686 677
255 729
838 280
539 520
587 192
173 227
393 702
910 947
782 180
369 213
145 804
85 817
802 637
812 633
441 871
4 580
751 822
193 384
11 603
641 205
597 442
999 939
220 429
751 334
857 135
778 260
95 741
62 952
778 919
81 9
104 377
753 608
786 69
175 693
630 561
494 957
865 945
700 424
753 105
643 430
93 154
519 343
160 191
70 38
53 394
580 496
449 6
613 896
751 13
982 464
584 475
489 43
496 152
216 627
993 492
934 655
995 596
290 725
689 559
429 143
443 39
686 467
401 409
62 692
142 986
41 165
780 209
604 877
857 529
833 440
517 405
661 668
49 437
684 63
989 509
664 586
47 182
470 284
533 224
937 91
485 416
535 641
261 484
261 676
138 886
411 70
178 640
46 28
504 796
372 294
8 396
866 717
87 783
838 595
497 810
915 571
455 478
970 111
219 837
910 792
381 36
185 214
650 147
58 488
899 773
373 92
891 325
650 309
806 226
863 66
449 639
493 756
729 428
307 279
723 1
749 354
337 14
645 53
106 270
154 149
310 818
778 229
941 739
996 316
535 604
154 138
230 40
917 189
934 615
998 585
250 137
299 778
556 123
886 946
158 941
100 699
75 944
753 425
773 663
840 90
164 450
305 117
494 696
270 157
797 315
996 261
156 228
717 34
878 709
194 599
845 19
205 828
299 419
919 346
332 647
988 373
990 164
689 29
583 222
192 47
502 755
457 858
173 301
455 42
143 476
533 598
47 108
91 372
909 983
390 981
260 625
470 364
466 144
758 305
784 32
456 589
242 861
200 882
483 706
18 901
220 682
507 978
170 15
795 262
699 235
856 495
599 479
149 75
960 341
914 622
247 77
129 943
366 581
573 153
433 876
800 558
261 349
659 198
945 124
720 544
913 613
878 798
887 281
463 101
577 447
112 852
933 718
833 257
436 990
306 148
604 607
987 243
549 949
642 918
661 731
531 1000
786 554
999 819
170 114
72 612
960 238
331 128
994 721
985 528
811 560
443 703
862 855
26 959
106 557
18 249
255 825
489 508
434 775
361 963
199 206
916 976
40 848
677 636
108 765
425 417
508 708
842 236
302 422
542 621
880 269
640 552
342 827
26 400
876 459
880 728
453 540
937 500
404 767
60 327
958 568
58 743
855 860
274 468
455 418
923 844
140 65
515 93
810 619
875 351
404 893
509 645
992 980
231 233
549 501
448 514
250 764
926 534
493 358
237 81
425 602
162 813
313 168
640 662
574 809
580 10
866 713
604 697
739 545
705 864
778 348
645 237
834 609
509 800
415 950
100 587
37 979
872 532
916 218
866 556
356 849
972 169
912 62
806 774
878 250
143 460
318 660
399 439
16 913
595 974
91 859
366 451
859 217
577 910
266 726
10 411
483 367
391 324
579 195
583 239
49 155
688 201
710 618
806 746
987 806
970 538
154 932
364 248
826 799
956 808
987 905
523 834
46 33
552 505
789 185
811 513
772 923
491 971
25 988
429 992
504 404
93 25
643 648
455 686
803 387
708 263
555 296
433 629
235 679
515 851
4 59
593 132
267 291
916 632
13 868
802 518
993 375
572 431
842 82
379 732
700 909
933 690
188 522
893 590
700 8
230 58
11 134
494 474
788 161
781 175
455 780
366 856
148 991
880 962
221 204
307 493
395 244
100 311
640 258
727 553
463 130
178 60
419 712
689 605
785 736
31 823
693 339
607 592
535 777
957 186
353 738
538 953
425 512
44 846
91 751
515 200
965 408
750 583
69 427
610 414
36 761
535 366
433 691
926 322
25 145
227 781
145 667
713 530
456 610
580 457
740 567
711 904
993 273
760 928
843 103
83 125
721 517
172 297
741 487
641 26
37 426
707 807
792 438
816 20
529 576
112 997
52 600
486 386
132 27
224 993
419 12
494 407
432 535
106 577
455 129
225 360
152 843
94 624
923 912
898 482
851 265
449 287
29 511
824
966
833
788
400
651
412
738
916
178
10
427
558
842
686
220
460
869
595
671
511
447
328
352
784
807
138
455
346
732
547
396
53
534
20
419
754
633
374
5
248
515
974
82
802
662
529
176
82
675
412
406
380
901
877
953
636
404
214
948
149
63
625
735
163
765
1
104
454
383
608
407
641
155
276
881
117
641
793
46
768
399
29
946
757
875
414
232
606
88
794
185
18
976
959
771
667
296
917
696
138
656
420
362
916
241
330
304
379
647
401
405
353
22
978
151
193
406
482
482
466
574
633
818
788
296
96
141
501
207
35
666
192
468
739
345
631
758
114
328
100
941
260
541
989
21
976
30
127
706
873
4
145
951
434
802
724
929
637
465
565
656
623
42
704
176
476
56
482
544
517
943
339
309
63
536
823
275
242
57
43
676
356
237
287
534
568
214
856
687
14
949
558
525
784
321
275
826
468
352
836
362
563
493
900
361
731
447
709
719
832
554
15
860
718
400
302
881
438
141
221
243
186
34
238
409
785
963
292
642
983
71
896
796
633
168
274
946
996
208
840
432
925
76
248
799
53
20
435
460
870
398
58
176
785
991
217
551
382
655
528
695
240
604
678
783
457
525
859
793
711
738
221
129
228
567
441
134
151
59
272
458
815
824
970
907
588
750
61
612
876
897
336
355
904
365
51
29
762
929
638
31
854
771
839
901
871
66
347
32
64
349
751
458
748
818
811
504
716
481
847
847
809
323
796
328
81
804
491
561
964
936
776
8
803
11
325
399
157
969
453
792
323
545
375
812
145
75
529
968
315
873
506
53
210
161
193
590
991
482
31
86
703
672
950
792
875
521
223
210
971
204
872
545
220
823
479
544
434
296
54
835
475
827
527
681
445
967
937
337
580
373
37
915
911
839
670
370
842
820
138
862
124
908
483
558
279
808
670
290
683
820
555
239
399
704
75
145
2
135
560
170
299
794
842
96
89
916
464
577
320
610
808
648
843
220
891
657
500
74
407
283
123
513
122
653
155
711
33
451
166
602
773
973
909
534
759
169
277
481
557
448
223
326
445
666
451
880
418
799
447
633
172
800
300
494
495
848
682
857
398
732
136
410
289
941
575
18
336
952
675
792
289
722
704
16
622
310
681
856
744
218
598
15
985
740
627
829
187
157
79
280
495
877
962
815
202
625
648
316
377
619
272
992
626
792
756
921
632
114
936
350
472
276
224
933
381
421
101
317
950
858
920
868
663
110
811
831
197
775
321
337
679
624
332
310
76
85
321
4
320
972
884
598
386
902
934
187
869
752
345
83
224
677
732
682
60
464
721
809
119
776
75
842
923
683
383
345
298
911
942
73
993
590
362
180
437
678
777
645
844
972
435
682
183
374
828
965
395
182
756
115
442
351
350
54
832
173
355
945
344
178
506
862
185
967
110
235
271
3
350
793
106
510
608
551
614
638
493
166
169
345
171
271
812
507
701
745
886
788
444
867
279
634
690
333
793
392
741
780
567
404
777
547
957
809
214
914
219
517
174
729
354
342
365
912
843
814
211
152
918
456
508
288
113
573
778
708
138
765
20
668
109
374
276
101
225
14
355
102
417
94
153
544
964
79
462
587
284
564
705
165
483
65
27
172
75
118
110
588
837
432
50
804
130
782
851
921
327
45
464
480
716
493
376
947
131
82
994
775
156
835
467
138
934
136
513
292
81
693
739
514
393
913
432
594
600
462
511
387
77
882
822
688
591
822
642
239
80
435
238
608
51
109
937
494
719
833
80
399
870
481
822
371
324
734
384
579
412
316
445
839
598
119
779
486
599
214
672
761
958
481
35
498
766
923
424
992
638
672
645
412
501
870
187
904
787
393
966
878
289
612
14
610
622
126
286
783
20
139
34
609
759
127
325
102
984
872
711
22
300
584
176
688
615
81
790
495
157
990
387
625
293
82
344
992
186
472
938
194
607
880
166
634
497
579
283
886
460
852
747
754
198
691
635
211
168
446
299
891
764
475
466
452
971
947
620
383
460
46
403
365
713
74
402
330
492
407
438
461
197
466
75
212
782
244
11
685
220
831
529
615
845
20
481
936
485
147
205
501
864
743
456
125
620
98
362
867
467
897
750
955
318
281
316
382
153
455
290
962
263
589
483
279
318
330
983
533
813
212
85
679
750
499
140
441
170
481
911
30
626
201
602
249
78
222
440
432
96
491
824
841
166
254
682
43
731
779
368
662
953
631
897
187
492
976
194
962
60
850
549
491
641
13
478
337
290
143
276
847
400
18
467
610
234
93
883
521
531
937
284
924
760
849
553
872
491
697
138
789
263
787
927
100
1
261
566
344
786
381
217
274
391
476
3
548
113
843
455
472
217
920
399
66
521
939
882
982
172
433
450
886
866
999
512
853
264
560
913
71
775
542
276
55
481
255
219
913
345
175
527
800
376
878
954
475
839
571
145
709
131
85
102
480
139
265
343
925
507
555
70
32
961
787
502
572
221
347
532
23
524
162
206
123
368
878
266
327
648
656
909
852
767
328
486
219
719
416
709
638
661
836
352
108
836
917
481
525
492
8
353
514
999
11
235
657
324
630
488
825
82
349
238
841
706
969
297
629
666
492
624
481
653
923
66
140
750
35
291
951
635
298
372
645
258
329
70
720
801
70
534
74
738
279
626
59
882
691
699
221
18
437
147
178
65
645
211
510
175
107
855
95
791
942
464
228
469
549
586
828
264
325
764
662
275
107
487
394
821
793
52
564
924
281
178
801
86
446
426
851
37
365
154
549
691
256
406
821
67
77
106
601
688
206
994
711
964
557
661
381
766
719
872
858
11
591
954
45
194
737
950
589
823
175
146
480
713
362
61
78
947
415
718
969
775
499
422
970
170
369
657
637
563
679
293
630
141
62
582
295
363
509
872
442
529
34
93
228
190
697
981
953
244
2
598
336
884
854
604
530
492
84
85
793
451
455
220
462
478
385
525
813
925
519
9
628
713
183
683
623
626
578
197
158
843
113
383
476
675
798
930
980
325
951
338
320
820
308
969
669
276
138
276
245
997
494
748
776
522
614
124
578
558
562
701
415
780
395
598
816
376
553
591
913
508
568
178
66
484
73
879
972
394
886
147
187
800
226
703
524
817
166
739
604
101
886
321
315
393
385
870
521
945
570
580
262
758
582
582
830
445
273
324
49
776
140
323
20
413
648
121
877
263
326
338
939
794
150
704
71
629
672
743
530
977
548
895
469
136
275
141
646
38
171
547
673
695
505
951
895
951
133
903
578
833
70
743
249
402
685
167
765
68
410
764
428
210
681
91
443
641
884
409
38
76
426
844
71
484
1
568
239
716
457
570
934
4
722
508
809
577
345
94
228
852
462
484
828
613
333
573
3
298
826
51
852
7
217
555
644
640
86
495
144
581
539
94
327
463
939
184
469
680
438
571
847
599
711
292
452
447
766
767
597
894
656
315
102
933
718
882
451
142
216
187
712
283
32
878
618
579
165
201
8
478
491
436
475
121
205
29
633
826
520
45
83
662
293
490
892
640
73
351
957
90
28
916
788
967
73
685
335
835
856
955
296
787
459
199
889
952
943
507
833
978
348
650
69
139
378
445
720
780
987
662
114
539
916
959
778
107
618
890
620
892
444
846
890
835
394
320
371
61
920
657
329
501
396
264
29
240
908
29
527
486
923
75
675
227
391
437
396
517
46
312
545
238
506
249
978
96
708
588
416
370
293
898
272
248
217
545
582
32
226
33
412
99
552
112
596
239
719
252
143
478
670
380
216
551
126
452
146
380
207
715
62
276
863
69
774
673
699
901
857
984
247
335
295
214
228
969
270
974
611
434
952
164
377
230
896
930
432
545
497
216
733
295
868
65
628
5
264
89
659
752
399
472
787
495
640
593
738
99
644
33
230
816
690
302
775
866
160
289
896
440
856
103
621
135
670
622
181
412
121
515
929
82
119
481
498
698
524
934
34
420
480
192
503
78
751
715
822
608
902
422
74
578
136
175
567
52
348
987
638
167
700
999
679
980
290
931
147
366
455
249
91
143
787
619
158
376
775
232
590
934
23
605
152
472
842
270
2
144
929
653
575
800
855
716
675
257
538
688
264
559
399
208
649
871
280
650
42
303
66
224
640
671
950
974
434
12
882
625
160
54
564
148
315
879
410
699
684
272
343
221
271
841
836
346
475
809
311
986
47
212
921
811
931
431
478
465
844
974
96
967
562
344
756
1
956
555
186
676
551
950
585
910
930
703
629
203
362
276
217
750
284
84
216
333
58
672
372
895
804
345
538
340
575
328
641
93
297
170
66
775
506
483
864
564
82
853
490
939
836
821
725
477
801
200
869
573
236
942
868
313
259
102
379
877
899
295
716
471
997
226
888
72
502
578
327
795
646
736
327
655
478
429
31
423
812
855
634
401
426
719
96
827
263
707
191
537
182
549
137
836
664
752
437
451
571
379
791
699
84
431
302
362
82
394
203
235
418
341
911
999
387
664
598
974
393
316
259
517
526
588
403
40
876
81
955
73
