5
5
5
11
11
11
3
3
3
3
17
17
17
5
5
5
11
11
11
3
3
3
17
17
5
5
5
11
11
11
11
3
3
3
17
5
11
11
11
11
17
17
17
17
17
17
5
5
2
3
17
17
17
17
17
11
11
11
11
11
11
2
3
3
17
17
17
17
5
11
11
11
11
17
5
11
11
11
11
11
11
2
3
17
17
5
11
11
2
2
3
17
17
17
17
17
5
5
2
2
3
3
17
11
11
11
3
2
3
3
3
3
3
17
16
17
17
11
11
2
2
2
2
17
16
5
5
5
11
11
11
11
11
2
3
17
16
11
11
2
2
17
17
16
11
2
3
16
16
5
5
11
2
3
3
20
20
17
5
5
11
11
11
3
3
3
3
16
5
5
5
11
3
3
20
20
20
20
5
5
11
20
3
20
20
16
5
11
11
11
2
11
2
3
3
20
20
16
16
16
16
5
5
11
1
1
1
11
2
3
16
16
5
1
2
20
3
20
20
20
20
20
5
5
5
2
3
20
20
20
20
16
16
2
2
3
20
20
20
20
1
5
5
1
1
2
20
20
5
1
1
1
1
2
3
3
20
20
20
16
16
5
5
5
5
5
1
1
1
2
3
3
3
3
20
16
16
16
5
5
5
5
2
2
2
20
18
16
16
1
5
3
20
16
18
16
5
5
5
1
2
2
3
3
16
5
5
5
1
2
2
2
2
2
20
20
12
18
5
1
1
1
1
1
2
2
3
20
12
18
1
2
2
2
2
20
12
18
18
1
12
12
18
1
1
1
2
3
12
12
5
1
1
1
1
2
2
2
20
20
12
18
18
18
1
1
1
1
1
2
20
20
12
18
1
1
1
1
1
13
1
1
1
1
7
7
7
12
18
1
1
1
1
7
2
2
2
12
12
18
1
13
7
2
7
18
12
12
13
13
7
7
7
7
2
2
18
7
7
12
12
12
12
18
18
1
1
8
7
7
7
7
7
12
12
12
12
13
13
13
13
8
8
1
7
7
7
13
1
1
1
13
8
1
1
7
7
12
12
12
12
18
13
1
13
8
7
7
12
12
12
12
12
18
1
7
7
12
12
12
18
18
13
13
13
7
7
7
7
12
15
15
12
18
18
13
8
7
7
7
7
15
15
12
12
18
18
13
13
13
13
8
7
7
7
7
15
15
12
13
8
8
7
15
18
13
13
13
13
8
8
7
15
15
15
18
13
13
8
8
9
9
7
9
12
8
7
9
7
7
7
9
12
8
7
18
13
8
8
8
8
7
15
15
13
13
13
8
7
9
15
8
8
8
9
9
9
7
15
18
13
13
13
8
8
8
8
9
7
7
7
7
15
15
13
8
8
9
7
7
15
15
15
15
15
15
15
13
8
9
9
9
9
15
13
8
7
15
15
15
13
8
8
9
9
9
9
15
13
8
9
9
9
8
9
9
9
14
15
15
15
13
13
13
8
8
8
14
15
15
15
15
13
13
9
9
15
10
13
13
13
8
19
9
8
9
9
9
14
14
15
15
15
10
13
13
8
8
8
8
8
9
9
9
9
9
8
19
9
9
9
9
14
15
15
10
13
13
6
19
8
9
9
9
14
14
15
10
10
13
8
19
8
9
14
14
14
15
19
8
19
8
9
9
9
14
14
10
13
13
6
13
19
8
8
15
6
6
13
8
19
19
19
9
14
14
6
6
13
8
19
19
8
19
9
9
14
14
14
14
14
14
10
6
6
6
8
8
8
8
9
14
14
14
15
10
13
13
6
13
8
19
4
9
14
14
14
14
10
6
6
6
6
8
4
9
14
14
10
10
6
6
6
19
14
14
14
10
10
10
10
6
13
13
6
6
8
19
14
14
15
6
19
14
14
14
14
10
6
13
19
8
19
4
14
10
10
10
10
10
6
6
19
19
4
4
6
6
8
8
4
4
14
4
14
14
14
14
14
4
10
10
6
19
19
4
10
6
6
19
4
4
4
4
6
6
6
6
6
19
19
19
4
4
4
4
4
10
6
19
19
4
4
4
10
6
6
6
19
6
6
6
19
19
19
4
4
10
10
6
6
6
19
19
4
10
10
6
6
19
19
4
4
10
6
6
6
6
19
19
19
19
4
4
4
6
6
19
19
19
19
19
4
6
6
19
19
19
4
6
6
19
19
6
6
6
6
19
19
19
4
4
4
10
10
6
6
19
19
19
19
4
4
4
4
4
10
10
10
10
6
6
6
6
19
19
19
19
19
19
19
19
4
4
10
10
10
10
10
10
