100 13 5
909178437
457990466
821151079
912211371
816816103
296236457
210784669
162395671
143101331
815347705
910082315
823747968
424861075
640923814
906411080
289399885
512772189
815866149
474207951
330669845
827465162
134870360
754124632
493277492
871446111
198488035
198561718
906374501
198552716
809749312
180268691
816690901
157591356
424201336
821508136
815969333
206786935
816875693
747547729
277463448
473992421
275544680
391781345
817060409
284738777
493197002
295216847
189999813
417075545
764035029
278389182
869867169
447272641
937284317
462249764
273206483
424813763
820858815
468253981
400063765
430554342
210813840
473790963
375742745
328998215
484858900
293446047
397987533
164603569
328474378
822151905
261282268
279012932
458792587
198385074
913736441
904264132
474258234
906374781
822756413
236541173
401448724
378250952
815528498
160141900
631201415
414291127
716012390
910351440
142685852
250133774
151456995
170337661
520200211
424813132
329315136
465583224
857438429
399654595
259804172
