100 1 1
535298576
177711606
862492505
110559944
9987186
876782679
673419148
486529584
357457620
487670894
641768402
188729325
861884591
335412452
472124767
305830701
770085137
414304162
666666667
125156124
216497394
547758286
314716601
312291647
159459921
930154378
244396471
809605059
289845578
790136391
855993124
679055452
160334765
423299120
982512801
924972100
677274109
834637383
576828489
900391640
290338365
1000000000
678224033
684894825
408847098
725929546
59654548
50254557
630188938
249611631
416679422
902077338
929869684
737870493
152366167
739868465
912376023
190288951
55931124
939072057
279501310
190578136
333333334
686135120
443778498
163156355
934855638
88759262
399658899
835067041
238589871
420407095
341540659
781773496
924638560
1
602481616
711023543
213758215
322335945
405970214
674296086
698884982
789176
976211563
88324453
694794965
503268542
244933689
553132683
466922896
967616373
144643190
608030014
610496048
213960073
609374455
550765325
286719355
18337775
