100 7 100000
671376413
645036465
911483267
883668613
719636553
919623411
209272976
644298096
826536667
643257748
906434841
904822602
987135662
943560419
882822775
986816933
206050001
981579903
958661260
731534433
723941365
648833680
910494733
907521696
645073459
860534752
696299060
989645391
941183845
210550182
998832674
642799897
790110520
720324520
987342096
178842275
914496447
911536737
914826814
928125900
643266676
884282275
987133831
943688927
643699930
643071058
799027424
958490967
980545879
602214036
695349861
825759603
987855566
824791180
938589588
910472635
166399577
951882790
910489818
824508229
883043348
203302084
720250606
928188387
903529271
613501935
929322554
982128291
644083317
643432194
975047304
900573971
911367304
939432756
884308521
916764169
653927521
647980646
986917698
951694134
602283526
720259806
919868594
913003313
643521343
643773729
890515549
953052996
749936545
984466373
940719889
864971120
952706261
613501126
206581494
960061944
723740126
998046374
651536190
614353921
