100 100000 7
941938732
991242624
999418437
787598922
998099242
995346841
995162530
524550259
928455101
749893857
933998743
876830431
415282821
945724721
928835657
743940218
748289263
987603975
942963003
945725330
19037517
942441233
943191183
952214153
594478883
991764551
941904196
902021750
909557560
984553129
947687972
748874452
787127696
18994873
952185946
240158018
943166072
787598962
784923264
936720044
551931350
552204880
942076431
941946320
595494980
941942671
991216302
933060785
992723639
934787191
803784100
991269295
942341246
949683128
970060002
933001822
943264997
747131223
937385747
875873156
749962013
947222600
993129377
945702528
538051162
928835159
933677747
984435881
937498361
787061133
948175452
994667119
941901594
952622947
748873120
635412358
943166396
952625708
737389196
802348126
951200685
994852592
906302758
970493058
887994016
998104181
942277521
938458796
970077900
748236925
995698569
952492277
970366853
795937570
926470252
748386580
943659507
943966476
929633841
786059675
