100 5 13
341323527
434475807
325459594
193964780
891181606
521576946
753714371
382340705
429961351
597844842
188005364
806305250
592753430
762840553
115089653
820035707
816077273
382635101
442270488
433536665
720730817
404859421
833415269
376236529
815923670
737209134
873165292
642068952
720397591
759473333
922072978
2009369
816295352
883777305
815353963
508108677
757811395
873250672
496829170
764517542
882727530
521959493
337123946
382633632
902083729
572270482
388123053
390555944
442475192
228477815
391087988
762295700
967314558
30332021
530563997
95980279
491150279
229505549
761975354
903719087
824605303
765389586
150672645
29524380
812671810
599693958
382378254
967321218
891357071
299568543
926711591
435870315
382403501
480342187
382612570
437082567
405163885
898530111
894159496
193726833
228473364
762000974
382397465
415305629
233732517
750017701
950375738
891354887
386895154
904007796
726216559
722601856
44513034
435870302
754162514
762011092
820057510
926949715
401884286
736211188
