100 6 6
424478780
424530403
424582025
424633648
424685272
424736895
424788518
424840141
424891764
424943386
424995009
425046633
425098256
425149879
425201502
425253125
425304748
425356371
425407994
425459617
425511239
425562863
425614487
425666110
425717733
425769356
425820979
425872602
425924225
425975848
426027472
426079095
426130718
426182342
426233965
426285588
426337211
426388834
426440457
426492080
426543702
426595325
426646948
426698571
426750195
426801819
426853442
426905065
426956687
427008311
427059933
427111557
427163181
427214804
427266428
427318050
427369673
427421297
427472920
427524543
427576165
427627788
427679411
427731035
427782658
427834282
427885906
427937529
427989153
428040776
428092398
428144022
428195645
428247267
428298889
428350512
428402136
428453760
428505384
428557006
428608628
428660250
428711873
428763496
428815120
428866744
428918367
428969991
429021614
429073237
429124860
429176483
429228105
429279727
429331349
429382972
429434595
429486219
429537842
429589465
