100 50 49
975941847
570553156
843513664
846525990
845475016
512939857
993775527
585118104
867910902
781822943
736538319
567256035
811908294
502670994
503502008
788041624
744835157
564356378
782215825
971573369
864793083
994506281
987485711
855951732
860983032
784418198
819633426
563996589
585061358
763885440
781794703
597912631
573363502
509240864
788049514
845488676
502385800
573287954
817728871
781911101
991726379
566146988
567414338
867328221
811144572
997124407
861955398
868864127
736512605
567415062
607224194
781878171
566806300
973934280
567415621
502713093
771660013
749507848
834575890
765837409
802081343
736747579
593023804
762591203
614062549
782218514
843353090
585131436
785066961
842818337
503323973
782415574
972433565
503089334
762308933
734576460
806473730
867342032
818942169
572968634
619024497
818277097
559956618
502957541
997099055
843262540
883873054
862174745
572262808
570614772
784369486
830807838
592292029
570558756
843298792
843379591
584999632
842927131
781983109
782216161
