100 8 3
424544313
424545937
424547561
424549185
424550809
424552433
424554057
424555681
424557305
424558929
424560553
424562177
424563801
424565425
424567049
424568673
424570297
424571921
424573545
424575169
424576793
424578417
424580041
424581665
424583289
424584913
424586537
424588161
424589785
424591409
424593033
424594657
424596281
424597905
424599529
424601153
424602777
424604401
424606025
424607649
424609273
424610897
424612521
424614145
424615769
424617393
424619017
424620641
424622265
424623889
424625513
424627137
424628761
424630385
424632009
424633633
424635257
424636881
424638505
424640129
424641753
424643377
424645001
424646625
424648249
424649873
424651497
424653121
424654745
424656369
424657993
424659617
424661241
424662865
424664489
424666113
424667737
424669361
424670985
424672609
424674233
424675857
424677481
424679105
424680729
424682353
424683977
424685601
424687225
424688849
424690473
424692097
424693721
424695345
424696969
424698593
424700217
424701841
424703465
424705089
