2000 753 124
734490993
142174480
112698774
103736356
400728730
748137877
122742856
349050388
102629764
467946198
110104395
734289501
748062974
103356604
749652836
734132430
745982272
742309744
104270094
729141278
734491705
741497245
104325341
747106163
81418410
64947800
705590570
84596986
116850800
103758535
735942991
738878142
394509778
141060829
116394664
351296368
439385155
103474670
732675235
83512668
111856167
749334994
442072441
749690487
398115158
103047059
463146151
347085612
87993874
114883762
439811013
102124850
109858224
734156052
746038313
749860289
468347357
746286589
112750097
742555509
84548372
439994519
734622341
351265796
88424683
589732754
140978330
88536471
748653382
749671438
705437681
732894757
140691647
125530311
103441076
110485960
749652788
749083582
732086793
102179263
439319406
312700513
749733273
746489738
718899418
400588877
746880687
99745776
469681588
121606787
749737760
709944152
745642571
738858922
767443977
728652998
112163065
398375605
439234759
121625181
728653058
445628871
111856130
439369794
464657108
139913417
912148589
115835130
706652833
103660770
117084187
472073458
749053028
955560315
743212487
740891696
440798962
446180138
103731522
749655895
68906762
102807965
749724165
747335898
111791812
110061732
749671800
735942897
912706879
38208761
188296767
738930349
99841659
749652845
400603879
83961540
738770618
742344497
705868363
728681189
115630837
738898371
748602305
749690641
69282830
732903768
83686961
91971686
350355631
112136655
102178985
121018676
347782243
439233030
734517955
748752335
728700467
749770270
65147951
734797665
1433672
738950416
88436438
728863040
468375031
109876265
749652836
749725250
350390557
394280978
64480296
6332203
103757065
103577465
467004934
728653125
687723684
748762304
175639890
397188523
748829885
135948750
737181459
111598118
738877582
746744458
116307816
742190481
440591887
745199750
111629702
112652335
114184616
749652807
115623864
117092231
733995213
710465862
85928339
749347628
705280846
738877825
745417759
116267881
154795339
88134786
747091436
346357352
728683425
742205468
121611970
347328893
748300289
745538192
748630053
110514156
734796818
102105408
743081643
690482997
742190511
103736198
351240653
398344062
498676268
748654093
766103704
745396067
115630754
346063826
745660049
351475614
510946361
102788894
734622197
745167522
745579151
734807703
150546898
691157042
749668894
102637775
749240874
263187170
103609922
749801796
515616921
103185681
440748155
749652845
749666930
875733905
223531137
726773598
749732692
743288860
694390960
734773992
749649373
745628769
748635246
914320020
706248916
743112764
111839318
742394381
749726767
749595998
112026276
141767351
103735629
392698931
733595068
741913357
749772902
733833365
738973567
746858513
99791941
731515231
728130075
745184930
463465053
4093523
110556748
875054841
749384749
116241460
749688698
947753701
66113375
748872160
399508302
142380996
748167012
111736179
111632814
461580953
134047087
102186589
102184900
112175429
139816094
878552168
749052254
744192797
519276883
64454759
112111462
464555226
738804628
109866431
749671418
103666464
1137590
464514812
693606399
347379419
120521214
116727964
112191355
728828875
400570107
878505926
103444731
110095065
468401263
111630004
734622206
911564659
642586704
875533525
70799042
742458257
83686144
64911499
867624740
913882806
875730324
779124601
875957945
742325144
734257369
469761411
738877670
749783711
747335323
66069059
742219063
103570891
400737882
745472764
103457017
103731394
102383563
81305060
932672018
444433480
116719796
743224023
749652828
423312738
482716735
101713842
745575741
6309695
347782861
742602660
742203257
122742802
110099487
103431443
68906685
103185828
103412540
439489856
738931305
468386176
745851071
745130346
103474700
742448876
463800138
349048165
875305949
326086225
749022287
103406564
732915863
111896640
349049547
450470421
503528705
691111787
749651248
116714643
393589363
749721400
121610692
728238876
749671893
398101639
749667406
102263443
459096912
115967034
341193143
83643804
110064516
749360675
400728703
116728092
738930386
348481489
103566969
702873150
766685266
115342037
748869121
83851523
749595911
749688635
346589958
748577181
705924314
748485426
90632683
142175545
742312545
346258749
115621397
744583329
88474380
730848547
119628340
930311111
346468627
767390860
875393840
463058542
739168916
100659902
734271548
116182397
103411473
939994102
124695639
468442695
318209004
118530783
116560652
83853818
427799953
109869405
212829585
742311994
83774744
22674460
116724838
501480228
65605939
304541897
103620743
446017453
749962943
16848886
729132425
749772282
23817853
749993683
103736427
50492046
875829958
346467009
732673668
83795808
745907222
732671305
749664469
112110401
734640544
749603507
747754273
875736999
742190487
467898993
735509758
749501452
913086977
116267439
749049305
734622195
746285952
103158188
947063621
347633985
351339721
749049368
346368132
442783239
346371634
690488340
103620992
728127298
877858324
742552471
742248796
87989581
734420523
103233065
728680163
748565440
749651402
749022675
316551047
742776651
742525534
141016377
748560909
426409954
110103956
875824978
102318943
734308790
878589151
748974886
732219677
451784158
103758334
103347163
748903858
745416682
121602670
103460046
876590886
729879790
111856118
735958179
104050294
907038492
734795664
461726807
931117524
743120819
117097982
103435895
514539177
690488814
119628303
740414840
740818615
421270712
749690985
734307266
103759055
103758573
732946635
749671245
749733720
472163454
733169179
469769596
691333253
463442138
103154059
746874660
347225666
941883956
875842894
120756905
83963322
112021240
729933022
346257253
115602491
732671383
103158200
103411856
103758395
735943111
974161628
97875339
735884889
734626350
679186117
653945824
690934436
115385087
116704867
705623329
103180734
699318386
439353362
686664373
728638240
740240636
749272001
104413617
706005661
749670686
144624554
115180778
643318633
742632496
121707451
103758384
64431869
103737750
652795654
732917045
22280407
690487448
103725242
735943016
734622091
729127398
109707392
460773117
142431162
476251740
947753133
63683916
112193671
749363076
64958460
749728723
947738900
706720769
110106257
109405596
749273903
348017503
315566929
104058106
103073734
253409981
742347645
641784317
882482573
120811749
114450379
878502473
83632928
938372373
748634632
749472720
875030525
735892097
102227445
749272164
442782572
139817210
687938825
747669314
103661400
690519518
738877416
120160803
116568180
103358058
711011334
88543980
745396002
102591326
112610203
398377492
875830702
748137230
209694000
87369772
749774897
204155989
104057461
339600448
116267438
235551510
739011796
38377503
103664774
746880795
112163078
102697056
103343612
103731532
103158680
749727905
122771764
742432160
98194236
746713412
350911247
83793297
749650461
84241574
445603418
735885339
83961926
444055280
121639892
749682877
748153699
346345996
464058106
886153007
732916964
741875710
687909217
109936548
742990412
745861038
350710225
728138552
319087560
749645157
498875809
616889
103702675
749082140
749651378
16062359
738877742
122581154
749733603
749652413
749837146
734675515
742396378
728727967
464777992
746371121
110597263
398359211
143067932
749738937
115630931
103736473
747769981
747528496
120795764
706516421
749652781
735876695
110012006
112246474
444055223
747217106
730840972
104371174
748853330
745996834
694481874
748249971
745627352
426830163
915390030
920692860
735892041
729559083
104050701
104177343
875955601
110107709
749997779
735943067
749211958
104484032
745259107
738877348
116069130
742311933
52408235
749360390
111858035
749713678
748631771
461385986
691139410
738846706
112078358
728679677
749552546
103344778
549455809
119624335
742205468
1727382
112166836
711022628
1157779
103758627
749711403
745308370
112172667
496969934
747828547
317389536
749076409
398847121
112019226
399699603
21275066
734622480
84993472
103074783
121607422
687731453
463464413
738893111
111856118
111631423
103152858
103177293
103708638
63774491
738952971
83981808
390737466
318353223
736075579
103568848
743101498
83961928
745981222
878857737
392580248
66068715
742200727
738975919
728833187
97779817
140885104
747671306
956142761
116534588
694336686
740903416
109420034
390768194
346370724
734199017
734804282
154283021
346222741
103095989
121611122
116256321
64639627
739683675
439321322
464620278
956394665
400729773
104251755
652789172
713250426
742550509
112110375
142101524
103178176
346258669
103620527
749082378
116542187
738978119
103582855
103758984
735885566
111857157
877783952
103468858
738958188
694224377
64765707
103705792
112160037
733723899
88383835
733729564
749501061
116728094
463499771
120531711
734640754
103079228
109963709
736348055
748527379
749014998
116034574
112445367
84565022
83638716
729880014
694399944
83852400
237292
761058291
694196795
734622217
110099358
738977326
350945718
749763276
749503388
103077510
103705393
729867039
140961529
738977675
734622259
738877742
747704819
749738707
913694030
745260646
738769654
121024835
749791466
709241887
393641261
713243705
460074108
739168649
450459210
83782091
351123280
103345982
346494306
745883892
116227962
90474642
749372130
461809143
745265447
113709730
109869286
940630323
875405570
64454136
102215865
398378243
463040295
749859911
350463001
572376918
728681105
690629060
460033783
732759367
113620988
439357089
747334105
104084704
121606732
318355193
877900828
26844380
748869618
461784182
712048451
103424381
692090792
116560744
65260058
738957536
114168274
748643426
100083542
116505684
316549224
738976434
346371451
728123034
733908684
738895938
450669183
747672318
114399802
734622090
116569496
103655266
728754170
102892654
739128414
463490474
442852599
65024999
732159041
316566035
878505349
875764905
103377154
734669398
749733167
735522873
875554523
745947587
431616574
113196729
745416338
748749628
422034771
739434839
426529820
742378369
736027368
109684003
116560768
749272179
112675780
705924910
459196024
738890333
742310039
104343419
748553112
705922169
318049055
729729006
788111474
749081211
120812151
116289381
104483762
103562831
877354162
350447129
88727557
742190554
745202512
736104807
732709462
27842721
392369388
103524661
744312836
875884998
120819005
112246094
80637
317015604
749668735
116241570
736022442
749974155
738906322
748819218
109964618
103430732
749005239
347992810
731571713
882265095
735883222
748249914
103758411
742680317
738980791
749023072
875060454
746747025
712092434
781134418
734622091
440688696
83814330
510757516
749053751
749705270
694763945
104483757
691156035
102185767
739168184
464503541
103446915
161714788
442805205
52178446
476335832
102794401
694349488
732760090
118472219
738983126
875830034
912315413
734622325
458006569
541847177
745635935
691063845
440687687
745868034
694390085
742458256
745229441
398370974
706884878
104481338
878503917
749503410
739070989
143124261
732786539
102582602
115656100
734632949
347072044
741563848
740413988
121610544
103666455
347633741
114342270
231753250
109866067
877645466
439366460
235535191
426394009
440834888
117151121
103732167
734625624
910940820
466208517
729954264
439249240
90487707
738877319
732947035
742217296
474200039
476762638
743102077
747082017
464725188
877833662
749734656
65000047
749501709
102637511
103731158
736137646
92268076
699614696
123681418
749366395
912707342
789530066
85123124
643400231
877773156
734797284
463096058
749016791
398382819
745595211
706519883
734311231
391801123
734801633
744416221
749367662
878505283
739209979
739139903
747220478
738877717
742551336
115973305
317067375
877843880
749016341
99404248
699584101
83638889
103619287
875420135
396861428
749453419
102216782
724050914
84289652
110096347
749272694
103400667
319680149
745308205
593464635
734626204
116541765
63648662
733802286
347514628
136088731
745595339
699477012
82713648
749655374
103567972
113169354
102212127
940503576
111879957
735884795
83909467
102260648
705653726
116730653
120745535
749360892
65202730
103241609
878506148
439422183
749973905
345443635
66197384
119370710
103088071
120623297
83961675
104058435
727555128
139934504
103530530
702890224
115630701
464361835
116564122
734810966
103077410
735885326
745858530
653569184
749997692
103641867
126103772
739139791
317477586
102892187
741159751
749711313
743185375
734357775
116630316
746882675
193734125
104416345
103444774
111856123
83645052
749060095
706379544
688246243
695045768
690486982
112240254
738957530
83961951
92060738
742603021
735944627
134076862
1828626
8487612
191815931
112163121
738877454
111861077
749360909
744414923
120632746
742206988
749639224
956800474
766178010
910984484
103064001
876968503
875883997
103619851
729566433
110063519
443439303
460044078
745622231
875831113
653851853
111802940
718901879
10405803
738930450
743096278
689396609
734135898
745982231
749664456
739328087
116278467
742890254
115435099
734308813
115818124
346370167
88245766
748977548
103757718
639791920
728665351
116275136
730920001
748640237
103257609
111880951
882209101
745308640
729866634
590071553
749541668
103732435
742190483
103442701
84595454
729145030
99666697
83516956
734798373
745299022
90499276
65009969
357621104
745844214
742311574
116503256
103248011
749500854
728033609
748858347
1851123
451580382
110526215
110060071
749362838
728824008
749671455
745975269
442537191
735942877
749652435
63686221
694343252
103728272
734143099
742190509
119522109
144409497
103431444
875555988
112238836
728226597
749997317
749976516
687733649
735490633
103079133
119350068
83628975
720030659
103500423
112355799
103431302
749733167
748290504
734622144
749740548
83795830
119601725
141016105
957025485
701815645
83624281
122616314
925136009
87994415
728757183
112163063
103230224
694398541
749361663
439432855
738877454
748647766
919315988
739256095
224877603
749754624
110081918
876518636
319973841
112186799
711601927
748937455
732697212
734647378
103758651
16900846
738877454
118245299
109871170
109681262
142289215
749036384
109731985
876490523
749367661
727595827
738880704
84035352
749727026
739076183
320871445
103430545
875840486
955590383
116242665
739131230
749652788
749654961
735943068
104466771
318357036
116555028
735885679
747200406
738877742
745711537
110065371
745397347
924900999
111031198
109866078
745185693
110514237
103425382
443456181
777947932
103792909
748334958
112232464
748127592
394514014
103369546
391801945
910236481
439235993
745392426
110012844
749359268
139998160
88428171
734231287
346370801
882363215
101713902
119884946
142127479
742189166
83963038
652787861
318042911
749671237
742193433
103075021
742437793
749737274
741856288
81513648
742705581
749712759
745401561
741930232
398342446
743096127
111856147
103758373
734253665
83790420
139986537
122717118
747662391
749652807
112062030
728757207
103157162
450582151
749649298
103510525
444055220
734221902
65004631
111830645
747757752
779124246
24845905
733126129
4568121
738893357
729187993
729748825
398379149
745617715
111830457
876646249
120812463
112224107
120789582
109684089
350453067
737698256
691070510
803206663
116245769
85337766
439486754
706547564
441012198
705733821
690486962
875530679
777872531
742190510
90410881
109884482
63752782
103266153
749909798
452902860
442779974
110477006
875337368
104401751
498137414
745953142
476348249
938954052
103077855
112226778
148735689
394452331
472768677
706532720
732946634
88433327
439239151
725704310
706849269
115289143
735892100
498700382
745858433
83814360
742217278
109865245
84369998
102459851
747797848
103474729
749377176
732670995
439423235
553226694
748550684
460403790
63834144
143843436
749652432
103376287
111860655
956081735
728651471
398202950
85565756
138690993
742315832
103431104
510756951
735958498
749052398
118197166
734622314
393567406
351265623
956972043
875815327
749671236
733507341
654145505
103562831
110067850
705589677
120813300
745185068
744465018
103742841
514556920
346610180
112292789
748778437
51536214
428135743
749053590
103173204
463441878
476344437
88718881
346564481
945613419
745606614
749736906
705641077
64481437
104358750
744265770
102785142
713167204
26336161
147627307
121611834
64857176
100309304
742257532
743853246
88999686
875372692
745974390
112117811
737676145
112553280
739167876
745416901
734622092
733836745
83627826
472543004
151270511
745231323
24407382
733069008
103410555
742210186
10215598
745653361
875008261
154414390
439473818
749762121
689280037
103684301
448227821
749269450
115630892
142289665
687879231
394452853
103711618
735898508
738627917
738848643
695019611
705923675
746712685
742346715
467034012
687908542
115630757
742206042
115602738
142246752
738864801
746379822
439370036
691045998
875690393
734256930
748872581
733659893
875955639
742187800
734257267
563540323
713641254
875725178
749652413
99600268
83961491
706854462
243509715
422042760
742313647
875544980
257431157
439236044
88427056
337572230
103435078
738623085
707415127
1844409
450470252
747661716
744620197
729609970
739220693
119583942
464663662
749690731
154415570
749652806
101794211
103411950
733817175
84652018
103648842
83956045
940578472
103364579
749043118
746039581
749609183
728133240
749082397
112191615
103758388
629804369
732949680
112167192
103520647
466207960
466780517
65048743
467016325
730838760
915391026
746504079
348010708
102902719
967146906
398420025
119508235
749720256
112163072
439312199
83813580
955217881
318356022
748655851
112191685
749373172
114371608
103159232
745253897
346271945
730220764
749671411
748579413
635421159
734626474
877830123
642961215
733834939
706261526
63761998
4404918
749792253
120812462
110515234
742535348
126020558
110107034
109866584
748955248
134077948
110485617
451316134
971335177
116840411
350356438
110066375
881497716
913653700
749713762
116241528
738882063
738403494
691063549
351511586
742344085
83697593
876512189
734622315
749359274
391858967
88945010
745227715
102385271
742378707
733588131
114906048
83852469
83624056
103759225
115630935
257522429
445975229
104054207
318357327
326003143
440916303
749652851
103571346
734619187
746000790
654175026
875503853
347980405
747785002
466194255
875957159
744466807
103570522
743085111
102785001
749503396
748558100
103501673
443203026
103731567
744727488
749652842
694394173
115623859
748628100
115629838
99712174
103651481
346799127
88428461
111829795
742378816
739083808
745911766
875001899
398038767
744059111
687909390
880552118
498796267
482774666
102904266
746409536
746000372
84369359
748647689
749380169
123001557
745230458
742326627
403309199
103412015
738448842
878509304
116503676
947282479
318356962
123041584
111856021
110485613
82542905
646575020
733834920
103415115
749661009
464553017
155120356
734452288
140852063
745404541
748565458
112226767
514341950
733505294
691347985
713170895
642759465
729968611
749690761
729574398
103537379
25097194
439275119
749652570
734307866
234566224
346120834
734661998
112611103
400734124
65331069
103700154
724050133
742617812
467009225
90460122
120795477
734365661
88942533
742439090
734619465
734815310
121608121
116717686
738778487
749651877
725726351
729954260
739136202
742190555
112222609
952428864
115603766
749851305
124755338
110064512
938743441
878506610
81541634
102177122
734794651
115623827
392232540
104004174
734640595
746712629
461611795
740111837
694510542
142147020
103759267
121611021
742439191
103342238
765979689
749370037
749610422
103758373
747087184
426434450
741683288
116184293
466688015
318044934
738977216
705652338
726224552
122749137
110102384
473921980
734622316
748071686
734259651
710029962
103062376
909737550
468484807
739765604
426734432
875830133
749805076
187727764
749072938
128420003
84353928
747664920
51910391
122727276
111861966
926031545
749652570
699566655
461720122
738953661
745517151
749366977
439309865
765812445
749604539
111923220
