2000 1500 1500
433630709
57500293
250418311
364239234
325306136
400403314
435700690
387916814
374132012
399642206
382268907
92726781
385678767
16598813
250629188
434437956
839177621
383850668
297620416
384646485
399571292
382956224
644382332
430355854
461217516
433340225
489114572
384625378
383265620
410863046
401038293
360078073
445859437
405349524
405344662
410214095
914511480
362222473
362233855
422681807
361897476
425717232
400617272
383048853
435085588
433706947
425583418
436448025
429879567
455986466
451934898
264416283
401021018
386401618
401680769
383097942
415011255
411203405
405355933
402575222
380964885
648154792
383005663
473502206
307472966
401090161
449645320
401650673
401083718
365821057
385709771
388438940
304980836
435728998
386433489
433639429
436221128
483865853
401760700
449096113
350744146
190166859
433609404
15863685
406019478
410239191
478348101
394447768
383159192
225508572
364249221
385658561
364237904
360105660
350996452
360100910
410159577
167633436
384132986
401064572
385297453
385644248
405361790
387140690
433307883
374391224
436015979
430424722
449472626
364249392
492607788
423037828
435958306
190805077
380629747
304667182
411189821
250910250
54966005
425594000
381324961
405861470
449502973
401079774
303419516
265509600
405865802
405903495
263793930
392504588
448866051
457736952
364246253
432311738
435892009
425576163
453777863
411761836
383152504
202002131
405866567
435824266
428629009
399916758
383159747
223765006
434178721
383082683
448567273
130488483
383098856
400109819
435728438
386391876
132646008
654802129
435842895
826980007
398228149
425590760
374492592
425898864
401092405
366065570
191335274
401792666
383098728
401050296
426762013
383156468
361315664
219141162
384653880
424783146
449583681
388209006
384201988
381955422
401759508
411426313
419322278
386568652
450546030
373257863
425580121
380881366
364249438
483807414
427171613
371818935
449095581
362151528
383588454
277345230
433554102
406015471
410680113
386466189
446814431
187510080
285083096
304279377
411659137
436259405
431619581
386434347
497950478
387820178
384638468
374478431
416907993
425569102
361200673
400611827
215483900
417902870
483642219
381325335
361202593
383652096
171757405
492193909
381249622
57818288
384649513
201154182
455314943
484025250
401079153
302972688
383122411
383163251
406222673
426397592
452827998
473472720
385464453
402171238
383201413
224915494
193517305
15866626
410863215
385451199
401080147
382695584
435085572
458836836
435844013
266063357
435616375
408566730
401856199
383150511
399145297
405890122
56318835
410822164
435574032
303568965
360823166
435659410
405862593
238917875
820258354
361750071
411926948
224748146
379143677
366375066
411929967
382211610
479089195
435636270
416717753
790275507
790375420
120961319
435725769
380965203
475820169
457875661
131231875
393532880
361663897
388088182
435680537
364597749
401994599
404522074
401757750
405866366
361365121
411188949
465996346
391380037
427638778
304504143
196741684
436014987
406005972
449163227
373990838
364249602
432386352
401935483
406062234
433347071
486518037
859321105
431561885
950283792
411775653
433403065
38300769
383175774
193494434
374645975
383098779
388071724
448695971
433505512
364231241
383080360
435733724
401757850
365876760
400526111
412895771
435692284
364239542
365748791
405249851
362215986
487553501
435959277
412880815
493148210
405762838
426630793
388518007
383244646
384141203
220580310
385455173
383084694
413349975
383132332
388522280
405249218
433340116
434846505
383156441
391212732
360105875
386278470
366055794
743073526
435725778
426308573
427185179
434297028
410161735
346362843
483784074
171544968
401082500
386469918
223772500
449189706
279155007
365840289
401727607
220540900
411656159
483806708
483781574
401009629
383265387
400449280
405369488
921824441
388515025
139813898
400850861
220580333
383069388
399807565
406059254
364237132
405878999
483820578
405873062
744013016
387840645
360094221
302867408
435724618
430584098
445726757
702978107
365832375
239089770
79835013
426384405
356023796
388475306
250914996
424343243
401612852
478267757
81967127
385471471
303029488
417269197
385298530
224159492
435608506
405271337
406198757
361177605
400401102
426657998
411652937
425799033
435611530
429891140
411220879
425783257
950933949
232198547
423037831
387919942
361678165
406059049
366963633
202865747
401661369
313603834
456352303
458838254
401839578
401650674
483788762
450493663
387917750
433415892
365820995
435725666
401172902
416739935
435725882
483631375
405898301
435722687
435892541
400105159
388168580
382695516
360107114
16277098
383156486
376040436
401988657
218716032
425872396
426635544
448721680
411440165
449185955
226491718
433706981
483816386
401753822
405861454
435892934
435725885
458474515
386266786
433550844
417647809
434063538
785962601
360032878
433692861
376052840
364660636
404982824
917462386
402574593
411781817
273614291
427861735
430424438
448694527
302736016
907371850
373671549
383098673
410216777
303567057
459832378
405872963
278139376
363875019
435725029
389946632
405355996
435636144
360092336
405110340
48089911
453583046
122187436
411216789
435916243
362296506
223922133
436014116
362228085
411657366
429851251
435736742
448694124
190810588
388071748
820239373
383256381
426064726
373974543
397297287
435725763
436019884
643225892
349684805
380944665
435911239
458801953
382996689
383150036
436006976
399667551
401052752
483785567
241661907
383156069
374661444
374497964
422074490
360474526
383211646
427643627
449506344
351046719
374493124
411186679
423153416
386463871
497796954
383099448
411568580
386270540
411956350
361194064
422637509
422675920
386273304
366128712
401076163
387901349
383097830
364244594
429980006
401757783
435731421
383117467
383884598
220534069
240775
307248080
401090006
435645590
417804405
233871534
411671229
366963717
423083227
116942733
408330977
416924121
405229405
497968471
362133677
405865555
487576664
383098783
364244490
466425109
446868388
116815350
383265076
411568766
383071972
374661484
359756108
125601156
17163438
374683343
434440562
125190466
360084041
405872017
401023595
498026823
126422273
399670082
383065267
374651354
487124200
426627321
223913360
220300600
364060639
373745261
422674789
401172667
401044008
436384684
411219467
479753576
449189482
307551774
435728208
411657379
130459685
422845952
373707798
405872773
385288371
405863536
436122835
374718772
435959803
412010217
434036787
362179134
361191868
449565363
450256898
379040198
15087267
382998016
445405730
425589870
383098192
424492577
426731738
401757188
405861533
401090650
433698223
404970447
400523833
399949118
383096804
413532288
101800416
386866462
212215247
361192222
80609586
450596443
435842037
220527187
385520538
411652942
434331509
459846353
647726190
386869405
387188591
404607944
364249831
496117386
225753552
122117007
362912947
383098912
401449448
714302774
115678416
408882305
633112940
404342681
405836573
411425471
401064354
373232813
410782612
365756627
360636025
378611477
434426285
643431161
434139581
374389596
458840061
372713754
383154520
703814128
411203570
434190448
435906905
434304481
918260519
401055185
80678223
385566434
401054163
406164982
458814553
313588846
364249440
404970642
220302304
433340265
241629113
393536543
479729815
438636838
24988389
144208522
425456435
380880472
999356358
360104354
449580207
385474356
374110757
411487274
383077902
258911102
401756411
130479543
2606565
315273034
385514248
405093444
401084106
424415622
300894577
306074214
382422689
434392301
374858794
413363305
422872831
386266820
435723960
225026353
396874669
401660661
435911743
38775323
224953170
305854521
435907562
425569180
427170266
383099462
429708897
146917168
435725886
446838177
434531313
435989166
213761177
283285202
401084029
366193830
400463876
405764541
401757783
428668263
424402936
430441931
401091531
401038419
411221941
422672232
401021941
486524359
401078876
401078601
400851637
364243694
366183907
433789083
223993700
401069091
436291912
365723704
434850449
388636106
385520017
282164320
81834145
435734899
427171318
393022518
386570560
409260800
401083124
386241280
360104350
360562964
452330672
459706706
459542453
377092450
428615903
412091906
372486771
305069227
405862655
360102299
402016739
452673986
424492706
429043810
364033753
416879314
388233455
402611605
429879321
483780856
132012792
399832221
483781632
483874533
907673565
303531916
399861062
412010611
405353948
458838263
374679606
383119529
435733202
433334642
427346204
411167547
280179841
385433364
129432609
998333967
401838371
808501943
785271646
360634699
361319631
373705720
27152383
410735443
411289204
383163152
435734901
363603531
387809881
455405637
409808730
397196927
373231229
352191337
425429164
2558455
220549249
416969804
425965928
430121473
401633047
360020520
410187410
361752218
402566088
383094685
425470662
417246717
366070047
359650296
430188220
436013041
381312359
16075746
383095926
402448373
435732811
401092473
332795451
401090161
428839841
344385860
399592927
499478817
401682160
351416334
452352121
405870833
405874543
402566312
435892542
457912742
433403722
374000117
302824293
411221045
433756301
383097392
400462594
435610330
401760411
401182600
411687804
360096956
387923083
430364831
366182501
405862334
433504226
130467131
383633422
402091800
373898413
360104354
383127683
190845783
410680974
436019533
450559087
217295814
655641271
449613607
362280038
452398425
412005262
999339537
401148200
449185663
364231481
110470901
449190720
495036571
373670236
402019143
413363059
169561885
400474508
384095425
387923122
435726406
202786060
330209881
383150247
433217829
301639253
385520263
411203408
402061866
259546205
32725107
265592501
383156517
303569071
229875830
435995442
364235272
387836748
437650694
420546884
648055301
387702109
400403735
458804994
641259211
383097467
427301685
383065602
483785020
194443728
435693394
384142446
401091202
435659417
384621432
266458480
435724854
359793877
360650972
419926033
643370599
401046479
701959130
406890477
405011641
413468802
385516528
399457477
362228122
366064990
419684603
362133899
399416021
427612503
405005957
373232685
433240932
402280528
453049259
420836132
361276266
405862612
411568436
305077319
399427684
410728733
427613015
394323988
435725886
195609479
384671853
383903211
879168209
839576989
410784146
374649642
453766266
386575507
405861413
360097764
399841769
364257419
445411055
393761300
425568110
478352204
417866150
213384250
411222542
365820924
384855609
435726102
384650920
435710298
420078436
389439066
431611336
384131598
433150599
401058695
420462398
410781209
433980106
425809379
360020740
348290401
383149225
362215938
433683769
455411673
411166794
405872925
411535230
435958342
435700547
435991687
433403723
413346082
404352266
129000039
448580229
405353791
452828236
449027850
195611805
360860943
422633599
382998014
405876644
450535235
401760423
385678921
400526638
433348477
412088162
364249935
430305431
220512586
416308259
432360527
422269021
372572622
492409153
382737658
386279757
405481915
383067432
435912622
844201677
435946029
387863061
388477708
790362639
384542236
405367405
374340167
16177420
297608212
413343246
383097077
187515866
497753667
385472123
371209381
417254550
406058855
15949999
274724536
435637468
455628397
223852240
364245922
361894726
406879202
427167833
827640615
292225502
385451671
434305175
435824471
483797384
36938629
361970818
383152394
405872855
426633193
350668844
239083668
434492745
324876128
361179660
436014397
459943360
384130361
427659114
457629960
363599609
943334502
487911135
429042071
380974837
457575710
365749367
383097816
212737936
360103375
941341421
411147240
435636269
315067611
159594767
473210373
302314545
410213854
401657340
386266913
402978400
435725887
406046338
401068242
297643433
368857506
401030229
435768062
373167443
383125304
411788993
361864480
411362694
401832004
386311574
449582927
405862628
434142656
381326769
445978604
445754686
411659052
401079014
364245950
452980911
386265293
377184765
302742420
362222533
405865812
411462992
385665170
401757784
654500464
434974947
399427580
374338449
435086966
435846131
402920458
405903873
427611670
223768759
436376881
399551636
435813381
291023800
224126693
405863946
416971159
450371073
364246167
449515281
133691321
402039109
299128831
360035870
435892579
996513327
401698562
373239207
382694686
386573402
364239078
426923253
382996238
382797243
388475017
410161723
450371989
381268830
307302675
400801411
411658415
360097005
374087199
366188940
343087165
383119375
434180395
362299516
283260973
429708820
335986265
492190192
487411230
405350984
405876692
434359738
412066115
366071248
383099131
401658235
302851101
399492699
33608221
361162909
483358575
363250503
371770169
433635111
387821402
361192079
435725798
383159858
426920385
417026956
458818691
411485777
426638456
404970116
16253767
433338298
405359181
362235470
365259615
454680926
411192603
401173156
445788348
435769401
393808853
410174878
449581063
417175808
388559528
405878797
383127473
387922417
454848843
301614629
359824018
89643308
405862555
411197877
228103370
411459165
382788416
430600122
425597682
412880947
433346353
171711021
298334580
422428745
319214878
452867658
313481101
427541081
411782796
383080538
401055248
483869068
312002517
434869733
319217825
433334631
434201673
401063645
436302236
131304572
407513375
470484755
401629095
411197895
16482053
223922161
391134405
434426264
201019106
417692339
433339346
283281696
406374900
401737225
264608915
411653078
265508093
277667720
483966003
429849658
430344962
364244468
382278858
457886898
411652363
232040156
433979128
387839094
434123909
122156103
373703178
436012268
267491074
918514162
436019583
435912594
449716536
918255126
367282579
411636639
410243356
484144104
433408946
383854417
453104478
366152754
434304584
368825593
366001377
365843327
636488325
411842455
401682785
236670399
436014562
405363564
411749623
450372380
384542304
349718386
285056813
383159668
224919236
402913449
435911741
373695422
360915257
401068701
917051936
222157342
401651410
434279267
435649731
498914222
457748199
411473029
449191017
328261264
449509472
374466068
373287709
399689838
492212851
366963986
364249411
436014607
383026003
998319152
306065694
411404716
402913487
401759506
388344543
363264000
808418707
450225742
997413169
401651470
363556967
996780205
388072495
360035791
402039971
450538064
434426248
383156044
450618742
455184091
383119903
363242042
457230057
279686086
384160013
401038288
411759000
435085572
435622055
383084488
406015999
374337504
385150004
428977355
384595612
433294606
383150584
450371256
953157207
435649714
386900956
223986886
400609001
383081424
399418160
384098498
365313454
448692276
733792028
435755951
410865708
28691183
362066323
425584690
405872820
434139968
41496512
384647261
386266786
385692192
377098692
449506468
431624016
459215228
361793528
372771080
435694116
3921955
383156737
411728902
405848032
447991882
382216988
413484388
417804254
401757798
450617252
405360917
429040946
385455700
374649649
434036780
386432999
302898680
435892929
430587544
367007386
493300265
433605262
427660695
425584227
304625145
435725703
178689783
401856343
435723980
401228672
401759187
416907765
449567608
361146761
420468588
435911845
411785926
411221843
435700439
434828736
348308250
383159049
402006485
458804964
416541972
167562557
364239616
997556911
435725780
435725886
453301723
828075342
433340290
457109830
305865342
254193772
363028530
430566606
386266786
364230345
401089139
404358233
410886907
411153292
411657400
433339363
433346496
385423223
377131126
373745281
435659619
452626798
381267829
410174901
425597790
364244468
907668835
384210152
239083377
426706515
410863311
383065852
385599093
379144903
301111290
451275476
425898821
427526415
373686720
361651859
405138309
373705823
455414755
452822838
458337427
362176431
434840298
449570340
302386388
384542305
386392015
382204471
402847132
408889290
449506063
384405166
401839390
462702388
435766859
643312925
457165794
426141930
411421974
350143783
417021783
362175556
401683653
224081647
223840610
130280017
790206714
373704609
401083501
388102564
401064581
411223743
425523561
477178293
190359746
405869779
411715595
435759287
386392173
410240864
383003679
416740181
425472258
388163733
223911314
350625639
384650112
360701764
435741810
422092220
435736864
413484137
435726068
383163364
413555014
458806461
384202130
435770108
378577073
335824041
384667509
383153055
417215465
435767518
462564619
373232686
999619863
790371146
435938294
386265696
411854312
817171157
426924232
435700546
399841743
425734957
647736857
434730528
478414351
455726222
434058641
411733909
400112484
405869033
400606187
401628733
416907210
374645496
229593810
405905676
242334208
360612613
436455038
25007963
435911741
907638965
425459739
364249476
435844977
405774853
400782317
435724615
387743103
433338565
290272670
429134737
405877571
425925137
398232105
388070267
374488331
243165041
404926596
449046047
373703978
436226706
384214145
383159655
401960194
383284073
425584582
398126079
385591484
364244666
215022704
435761986
427202950
279151736
385450457
384628919
383149847
27904520
386433487
373244420
412096730
434270236
402044277
372759754
433880622
386429080
410400874
360819032
236427627
382204486
411482769
427659225
499013446
360494991
425446097
405848474
417915794
449580177
411165445
435645481
417822820
435911458
435746248
411174857
360105801
399667119
457055088
448869230
365816861
231709213
383157258
431610630
425585469
479011437
360100889
433881158
17160731
435880066
57591564
413467934
397410338
450372352
364239027
435911863
411653012
315823596
225502899
361163007
341820567
385296394
406061047
16198432
411683881
425589367
16177053
411757222
365357691
401039053
382269642
400431734
384638442
366968451
383155915
374647496
316141014
427151012
377709836
391377861
453934137
435727703
362256073
636928634
427346827
304555413
435656067
411415224
383153744
435703228
408889241
364051573
445864293
434727890
406059207
433335623
386307464
440141544
401750129
382996372
16398840
486853045
454429108
365820988
367047771
374008697
435094286
401089739
402095258
424458823
449579923
277942644
264543587
435917674
434037184
393392080
360097901
379749304
385450437
445787567
160155102
373232690
401759385
410161854
213750394
359654991
425445044
455641810
374368315
425594840
383098207
449556068
458473294
435912564
435961522
433342918
383156132
387922479
364066313
134648840
385423521
435659419
374513397
194151427
458723209
388119858
723572034
411187424
37210516
497789727
364235931
374337503
405872896
359756264
434426248
404963458
435689241
411097897
401680684
447073108
401760617
307471385
404370421
425441460
914447118
411500745
361276248
405252191
350707526
366964745
449579855
405866049
350769141
406019445
330130011
384656543
893460788
382421185
416720171
411682614
453949160
359751226
406061810
33675313
498430205
434212892
383098304
410848744
402451251
386911188
435700793
438573479
416734497
435699594
405497668
223735060
434426064
220525594
374657602
422659399
497289363
405892169
418947450
997768643
366142674
457218762
426350922
483618392
366183772
429848577
384286262
131858625
373449159
54955960
423128647
386241245
483967198
427274881
383156427
436012145
406058484
435725882
366174227
449190262
423034824
387219557
907642498
494599908
458815161
497237202
449493994
401993798
411790050
384653383
411401909
373524051
374337519
434182608
455079121
401664637
422642169
435824462
361408028
129607542
411653338
379490093
128847095
262026742
483805668
363280999
483794556
193552787
427076747
381254538
399553528
451940773
401663294
435985032
426732367
388204074
438699518
375352774
451961954
35620707
401012244
458844300
411652950
410671022
360031652
457574857
361269339
159211488
434350653
430375602
413043478
219240885
427532205
187551148
402255136
364243566
410813400
383097010
405091942
449190654
387833788
405863837
435700534
361449329
383149876
374654058
359989129
336641889
385458854
