2000 14 14
297690961
292017247
489126844
225608855
465375776
132731656
164030957
253626556
273268917
488507510
354115003
184666647
349769490
300707951
169565418
463291079
463268654
175576333
490612620
183651575
488682066
172892927
222737421
268848936
487194699
173364161
205414627
992881594
173237547
126405577
136786389
174177874
174196313
354298435
136859944
173056704
465777591
251111260
82912547
356995978
355316503
180931824
270899338
168402274
273188128
346648875
175576328
354565110
268533815
263822842
165595944
137628056
786120889
188835634
82396643
268828814
190058614
268528242
290962449
488566237
255706643
273277448
180732958
449490593
264460353
136988738
168157863
489613024
172911027
211126035
150162911
468986402
441569923
271275927
296125553
267361460
205330098
496209798
170832810
290484023
133313697
646585602
268475243
211240451
65508364
253180925
353055192
267891122
450508935
268893909
184220558
275535943
167524350
347117333
168132162
297673187
354458302
443222740
211411830
438317505
269597268
269600536
268550035
300543080
449334176
272425726
255470877
254800515
146255820
261327783
175576329
167424263
173058944
164009242
163973025
353063015
131524633
256880262
189854059
163781924
263915343
737939211
354146284
165983991
211195041
188834970
354754829
168203710
172855061
163780214
12612099
270576819
165541445
354255437
465225982
354771935
173056674
366843880
251372391
267891309
489614682
146875918
115356093
82379412
117131203
268117603
74472044
175569426
174254565
487295042
253627050
320029945
268729339
255435937
211184656
127457166
992393772
354376203
258564201
90073745
168325545
174726820
175193394
268502893
165373903
267891655
275567829
490652499
289870709
128169839
214206447
253634418
488567252
235295471
268890565
355321977
143816692
252659363
260997748
152785112
253498647
173428736
771598865
479631824
451814695
293254548
270890627
447650425
190058604
356603276
271564246
271117018
292130597
193499927
267794005
489918995
272401487
489953252
275844978
265921199
168017550
299221223
622737956
216700234
146513267
146977551
243186950
168232627
174220720
636466973
354410459
260868476
144843667
149509441
165964681
479671954
346075542
465702981
268907281
176041041
211060085
296332986
449097666
268838984
236669544
299221218
489898862
175576352
268844970
234892467
488500933
488337478
225271022
356574245
168201962
268896090
453015368
589853849
152786598
268129006
450500112
290967877
261609957
193531813
190047576
217234414
184207793
175576330
275834913
252513927
260868474
464710174
354456884
175577184
255856111
441818839
297778121
354439734
176019761
268426220
15446867
225613922
77242152
903987457
480300320
295404731
490601896
268841251
313441746
190497834
296456061
268548353
990708365
265902208
168443153
643816080
297636543
258557790
164006212
83078480
772020160
176187496
137236720
448033451
168153478
87311451
176093208
489988425
166250033
443671522
296667784
272440238
268503142
267071792
83225023
254881723
175573759
126818099
131580337
212501729
489921716
267710625
268219621
168240842
259792108
174253081
175575667
450704106
189533321
296390823
270654527
592080569
356335863
222767260
177268474
182342882
270576545
37627489
137237377
169704196
24816670
614698930
259902067
270827942
702417920
441879875
190591109
251097685
489914577
452747144
211016985
234897737
173547563
443225671
251193324
490609519
290651866
350249534
270917659
449107077
270657475
297636687
268688690
168456488
270887752
488736882
270485612
173337675
354613105
173520339
269674509
268845235
268558109
180963749
269029202
143976910
127480046
175217143
296377307
206182096
354459421
261197054
168325083
250656393
174217899
975860285
489745970
185275201
278571688
296402385
252963579
267084053
290929280
61752869
271294526
270907394
302010014
272435521
261215528
175576915
259548096
279291773
292139813
488617988
69150150
289584824
273247033
363228916
270849509
272356159
357002210
173433638
469778550
143965194
165742942
268823808
261602459
180412881
488500907
236232762
310949513
90078064
258607602
168443146
163063929
444996714
441793142
488732146
345864540
452735176
188822620
296849778
354440026
216414617
270907146
268411713
479393464
46557141
190062724
301376162
253394195
137666877
949935154
268924043
465250713
172374899
382937864
173236875
190002428
132213956
268890404
173064812
234896315
151999774
165704961
600022644
205249974
297673134
168178789
320793168
253690211
491468408
265532733
258677929
180918448
768854266
268549620
356654015
174178055
451837683
75709199
268563650
126214964
253493063
469359661
255897422
259383093
272443570
357004730
497139852
125139461
268919705
254867996
970354934
258460791
296432351
267990341
175578689
273228610
323290707
270599166
297659585
717598040
272437135
174134319
991531241
165966224
324423632
252626305
271044218
488568663
291836730
66403624
451794866
153267441
465650170
174540116
296362724
250995883
296072597
254868037
165744464
296426649
224648243
356517872
268475738
176314824
354301091
265887976
470344734
172883794
214793616
59828226
580362033
488737794
490577850
248687210
275759639
174252434
13968541
257258877
450187026
185308223
268533989
164007304
259902029
172923717
204187198
270687672
480058943
171629525
136774584
354461201
235314697
268508219
272430280
489791485
330007179
152079298
269998893
255906924
131532417
187555871
176086739
131479876
487299626
175187591
69131023
252490632
297378075
149547520
354762309
175576337
270621798
479633102
341049708
592330458
275568859
268155682
241178554
184799168
490913186
297776002
488782568
353308523
144788326
267650035
352385024
214377055
489496831
490604175
353889097
250587015
251212664
439347360
936694126
354482308
356531700
267971089
269499373
167278706
260808640
314943046
356615474
261714150
268188454
172511799
271278999
255744771
490534877
346468491
138599287
771708472
348613645
255829289
149937167
214715737
165683235
267399940
173339484
267071731
136847903
488673525
465464158
582005624
269600295
235902220
82380520
445531720
447836734
267951769
297209516
162705942
488569449
655835483
272455408
254851994
275565300
172891723
137015798
211133627
352103938
268200369
125047020
250009638
82909167
356568058
489596650
136724244
463639139
175697969
268296822
126364094
296451706
259873153
76111376
267638415
296332200
184221808
296833634
268729326
267794497
206868143
171532278
479401052
251118316
251426889
355293503
270853892
285789645
265949530
272891808
273227324
261335203
132330221
266593725
259884035
254185155
451682580
174258782
296854749
167977128
647245121
172908977
189975889
163986520
356564301
225313539
480094290
465599916
248942388
498864317
131956406
258787438
354682164
165771328
451365947
168329591
578835441
297683668
175233669
175410260
636271678
355341074
612161703
250146612
354508484
174196180
275549979
126489526
165744431
448849186
296391168
296136185
268907444
646878065
268757936
166182443
348508394
261333539
261334450
448398830
168402445
345733502
83077334
163781877
288338898
270888223
446762438
267649965
253608322
355326054
589901194
188206915
152436041
208689152
253727235
226463284
219450387
268849717
238357126
592713766
487194713
263793416
253286003
196632530
190160908
268414628
354533449
270843465
149612185
259891047
175218475
82565031
175887778
216405889
268117776
82381252
450534536
268890590
268433124
144298857
164016119
163630290
488654748
126390886
266069341
112142615
290952972
268474429
489736898
165579906
188102662
290477143
235173088
175576315
137201634
270834893
988561413
356576486
491753081
161170054
356942795
773212489
588295206
269954608
252373324
465734525
296645065
252475060
141196576
354459686
69628201
465752591
355240526
347213884
297768545
270888418
348889059
497142416
236280140
75907058
330086768
437611791
273275266
137019969
226470295
247550829
174252433
149065006
269006066
236069842
166533728
153282421
354216589
14845220
354459413
352522190
354194136
263971369
174220707
266930416
297687876
489746084
82836166
259893640
175189063
268687039
268477884
356519391
268257880
137223764
354440030
172891894
354298435
357008500
354532134
61813728
356613487
167999647
268100203
270655046
211126321
172531017
451836049
356610913
271289981
273275195
267397837
168057505
272454350
136420805
354074449
253727103
63476657
355221940
125318666
165763637
487920012
180842419
275566582
296846923
275566777
363294708
131557230
263680073
266070843
490851468
268547161
265906783
488353916
136770782
165754403
190591558
168128197
249276398
175698007
175224599
259953894
211193144
177130479
251451907
268895834
449053348
268766600
272417858
448028420
353481117
357983183
314520523
354149087
354410444
273275648
258606868
261610700
214708533
271250101
469549628
265921199
465409843
690446580
296378961
180744859
44429700
180769440
491429203
82331358
268502926
188827946
451739869
204990377
355316180
950096113
297768713
290961076
253296768
239191446
234609806
205009933
163483449
349781043
489967511
144501318
173217084
354182403
263904937
296422583
438071061
272142225
144509121
253651086
354699846
137299439
183785739
973619601
363481282
258614765
86109175
143458355
116908485
206182100
270597522
87702691
216381381
630637088
263847919
266067725
265921200
187776560
352120053
447891471
356618499
354099989
164621839
249912418
271364415
451797142
261262494
214381624
268211251
137601453
354547371
438267047
144425981
215802833
271292787
272448586
479626729
214697912
492253449
572896357
355324519
590447162
255829292
268476258
268403540
268734509
253646467
253504832
254028102
268473761
264628371
168444116
169212147
222837098
448947947
290993640
348625798
296850750
291992250
267718800
496436344
175576339
268906985
168282102
489918060
348375785
988541005
296847806
297482739
635594536
261252465
356517873
465159672
273277097
612700186
225906909
479579173
270580136
164030031
238008638
253501322
355234896
168185587
168282719
354440836
160619525
150541262
268477122
268549667
164025553
268757061
324598840
449948511
267483559
354257764
470163612
190158616
161374071
356519361
143823256
268573088
353898969
173433333
451814970
270469896
253737955
296120405
222680777
465265486
174261352
212125774
244526024
354269227
272374400
136846525
270558300
348379360
260089461
449691115
88593746
175717464
205492947
137019881
190010309
66143573
271189450
250839610
256323694
590726821
313135834
269522406
352102159
249395314
251977385
276039580
253021212
354394796
165825404
268571900
143474556
264783062
290964416
256104990
125023920
480221504
235993949
904380918
168381628
253274551
190590026
69560324
173261604
451647387
266056833
168444065
165967693
253720852
267794138
136971445
975952644
462600212
297667563
83944215
273275149
257315776
355323864
165809336
269600170
972123921
166962587
126723170
11790432
270401810
174137675
269711003
168383488
292009769
175577714
355316328
318580567
327076525
84431872
345864743
451787095
214914517
254745595
355268625
90964336
174341088
254868036
175609818
164016109
355293395
270580199
348888277
174195611
193564172
172891983
489928196
296686635
184369069
268655108
205225961
254872410
180770197
82381278
267700936
214252139
269750466
276309321
268118877
173097932
354550749
161513518
161153798
265905957
214694104
256561235
168059071
251668254
488737864
225901513
479566019
249926475
268604422
312797807
355234854
450500367
267483621
344682110
173433352
205444048
487387457
268734605
161177236
356515800
438150513
491490889
168099952
496367186
267999349
165544010
270827385
190597578
184503716
354332195
165962832
253743236
175068280
271437043
273259374
268778157
267063583
131412568
170864892
161748055
268468129
344836310
297647093
204847316
154992601
451814796
264450465
465929504
222007861
168017122
264314270
353204285
384704410
168202772
486634660
354441618
166508783
290963186
257611332
268756050
295391534
487195953
443354154
270795595
175616537
137590168
253660918
354439796
264629596
477422379
356650548
253744862
352498365
451832010
144509129
297477518
155252419
355354673
144710720
355326489
268688702
354271796
267719156
205351632
452758297
466610421
235314387
252503396
268907783
219146475
448031861
320560586
258621806
134003940
193518173
173977227
129656637
172909023
175575382
449115704
355293344
437615285
653700017
271584337
270970343
463370404
214387823
175964240
354410885
175218870
165903462
462990654
297670111
443236754
269625375
488569840
75739113
270899964
268087890
88945160
364090679
578049043
441762579
296392263
463014635
168188058
144653631
216429951
467988000
222776222
448787077
164008208
272435873
275549288
275425138
149537452
463330352
355316178
292017298
270883905
215285060
175634998
169204958
173552810
290952802
168373480
261055086
175711882
180831798
479725400
296342797
251349146
268909308
268645263
273275773
297638019
235355876
479503452
249891404
261243899
265906673
168015792
355017004
189416583
387208349
356588257
214693964
268130018
270939467
298805873
357246979
172891889
168374054
235187364
324609796
82987097
365079323
175882895
470020943
273293592
270899647
270610639
225459552
251119555
270880140
356999008
147423576
465777899
366928753
564303185
355316718
151979087
128169825
65913792
256260853
287333126
438242340
268468026
268027348
163063638
211193984
175716816
268444396
143960608
251114168
590771725
87700722
599858760
268903029
253192459
242033378
361123788
261191962
204143187
256517182
449098587
272310489
153654926
353210109
144854226
356573161
773253162
82378930
136440440
136970752
354122586
354370794
295821884
636608463
261139143
354100218
190058379
355304666
354440018
355874551
150165880
973931413
214780296
282285961
88768311
253391595
150165871
267959384
251040423
437629925
353449244
356521477
126830883
313527340
253019498
252676741
354790635
260213577
355293347
486973401
144356713
174269056
465650094
176063715
93411942
268890554
275566179
166541030
234968529
450500345
354101105
175192471
90052039
214726524
187467557
168402269
296471139
592184064
497144915
125398937
488559739
225304388
269509798
171381206
771968347
272416825
163772787
173292779
263690946
449685975
169265609
296393540
268214828
211865571
290965081
205331039
258771612
466115296
255710844
174257158
325577509
148095114
270917729
632832648
190162046
160233640
252990870
126359311
271251201
354298406
469366740
144485000
469485993
268189760
299756657
311220940
249892760
143778320
437635368
355326521
268556106
592299825
988619844
165344600
252659277
268829210
205197150
269006088
354407238
169727300
257374026
173367324
268558223
384752824
252684119
270890663
271595783
488692341
175626942
216089455
76342273
291839187
270899077
215722718
169581889
355229227
82907080
212483057
267763463
222007817
174262044
236012545
168326499
314587926
354298410
137035200
270313615
268441976
172906521
348423401
270982439
267719130
175398932
131579040
437509174
257307751
361138137
174113763
251139005
151798953
215613630
36362520
271364937
355220874
168102500
452738033
268556024
175491085
153675956
268757442
68846764
268567150
204183338
187162083
268723433
891782845
136976818
590726706
356533803
354398596
314866343
325227132
190597561
356348809
466425886
184213067
165683221
386587072
491177767
168006766
951825458
172891981
261215528
275568363
354185302
354307950
89919969
270817046
254687827
973544857
258449585
184206473
173552861
83226180
35654003
260921231
151806479
266052853
175606275
180827612
356521104
488583460
353946059
266209451
270828234
258772938
479409436
168368577
168133049
168275318
153424771
151996047
174129126
473154456
364673457
253914375
268502874
174211038
354421781
163059311
989832116
254772002
251923732
354335780
168443151
275912183
289827619
172923790
438233207
214206042
472574060
162741845
174076357
272431956
354208835
449333476
184796512
235928436
356695307
213027577
270683221
487427529
258771491
466425122
254835395
463000865
137604292
479695145
183617592
163114495
270628752
357227453
265921811
296392244
270878942
268188339
989840165
290655501
976169368
260913444
168204210
172888071
296422557
268766404
161537949
438276334
143835040
296434090
146170450
213926197
131590673
272343692
268088518
971821383
356518546
355424483
261215974
267971082
261368510
356595415
352452891
268761278
261718250
255774922
136976956
211126321
299272374
184208439
175576338
268128094
175577201
131479377
165742950
354182600
261596754
172531019
203836171
172882943
912777928
189800206
488979285
296389512
252884322
600018293
229872491
296756836
323592922
488069028
479706152
356434080
146178101
354306964
13766887
169697551
296438889
484752848
319686919
151995214
469922569
164013491
270867713
161186445
253728866
448837675
356563872
259374755
354617660
269672491
946786610
214379262
185325133
244692600
356571825
219442050
489684563
614946469
488561558
258552510
269850603
267960740
465555590
170940708
354273272
636754586
206215079
350304645
267778407
357009160
270984993
272021810
251065966
267961193
164025131
161347728
174254312
267645127
352413869
168939575
214686828
462991311
251575542
261643134
323390463
489780249
184219556
976165231
251034811
175579023
470065249
448803542
465795239
173368365
131582638
271437034
264610751
253277133
211193772
354298427
127506781
356265430
489148312
449123401
272339977
354444867
268396756
266920076
299158303
305252647
273090455
269954238
253232872
253758962
311808418
354226007
168036549
143975735
354277807
352104777
172892778
165982601
154739478
266704250
451829465
260880272
251112612
214702829
172971618
163660622
173368346
267883615
125384223
355200552
355326528
175711879
214888241
452199199
214914547
452308385
172887950
83999219
252601069
258075892
354406757
173515224
173389060
257029322
354114654
281002390
296404897
236210323
578847380
174253433
213446286
254196274
76583600
175578110
165744431
355316176
354101105
166959085
261065077
165592171
477796521
441933732
488650561
234898732
354439975
364706492
172589631
168706090
489575340
215128380
173237885
354532213
288338567
137019709
296047779
275570021
161241814
654104337
356596519
384546547
154659863
480089163
994006418
248795951
270460024
164660502
116038150
268723739
46527269
354388636
491219728
268212900
12482545
275573135
255764853
296404380
268132309
235163447
273274290
354454852
256691924
290630129
165373948
654131352
268155469
300540750
175125395
82987089
152641578
167588776
90022996
287189512
164017403
273258958
45439740
273108254
268891127
488626795
8059682
168201998
212082657
355618606
259969509
354277071
295993819
185275455
480086703
268890462
168302579
140866635
175386703
295403952
354294460
190176602
265921825
976499882
992446593
165722906
163998685
313465102
269598687
267800833
488495174
250986351
356787352
354480291
150361064
354448563
88594333
297631363
251137129
184215930
137187259
170747238
449181151
354194268
269684349
298977659
180267493
352032141
174076352
275568254
85794146
149936742
186242774
184503844
489743247
582034682
264826279
354301427
75781701
291449486
252670943
256162767
449911331
346570976
488420839
253602381
270792044
149973688
263720281
125127736
174194797
205232477
175226327
165979476
187855485
251072202
267919860
354273258
351089589
699590770
163138164
356321637
154936222
268896060
451900712
270789695
490409582
355326345
265906585
136964407
355258888
357189129
327009005
354389830
473197138
182117607
364582507
691467737
175559472
175576579
290967782
291852018
190010309
270315362
190161409
268834836
267710460
268764575
591647837
443357068
190145044
163778323
450165427
125020348
268907457
132723198
59170732
268894569
222679199
175576330
174546989
356602875
251039091
261488522
325980678
449105545
172891681
45557952
251319272
297670342
437620877
290521424
290418454
269840994
211026576
173339719
323356704
450545754
488422393
388137582
168419112
152008608
235314484
175218730
254308907
268673307
165589767
354508666
354482547
161135340
443236612
349610608
468008315
165926992
254879709
348039766
356587357
137036067
131583874
175069193
178144131
164024873
275755165
254313918
132340701
468972037
131548987
143852676
479900628
165684371
211095547
951928806
290912300
266873501
