2000 13 18
434833546
434842872
434852198
434861524
434870850
434880176
434889502
434898828
434908154
434917480
434926806
434936132
434945458
434954784
434964110
434973436
434982762
434992088
435001414
435010740
435020066
435029392
435038718
435048044
435057370
435066696
435076022
435085348
435094674
435104000
435113326
435122652
435131978
435141304
435150630
435159956
435169282
435178608
435187934
435197260
435206586
435215912
435225238
435234564
435243890
435253216
435262542
435271868
435281194
435290520
435299846
435309172
435318498
435327824
435337150
435346476
435355802
435365128
435374454
435383780
435393106
435402432
435411758
435421084
435430410
435439736
435449062
435458388
435467714
435477040
435486366
435495692
435505018
435514344
435523670
435532996
435542322
435551648
435560974
435570300
435579626
435588952
435598278
435607604
435616930
435626256
435635582
435644908
435654234
435663560
435672886
435682212
435691538
435700864
435710190
435719516
435728842
435738168
435747494
435756820
435766146
435775472
435784798
435794124
435803450
435812776
435822102
435831428
435840754
435850080
435859406
435868732
435878058
435887384
435896710
435906036
435915362
435924688
435934014
435943340
435952666
435961992
435971318
435980644
435989970
435999296
436008622
436017948
436027274
436036600
436045926
436055252
436064578
436073904
436083230
436092556
436101882
436111208
436120534
436129860
436139186
436148512
436157838
436167164
436176490
436185816
436195142
436204468
436213794
436223120
436232446
436241772
436251098
436260424
436269750
436279076
436288402
436297728
436307054
436316380
436325706
436335032
436344358
436353684
436363010
436372336
436381662
436390988
436400314
436409640
436418966
436428292
436437618
436446944
436456270
436465596
436474922
436484248
436493574
436502900
436512226
436521552
436530878
436540204
436549530
436558856
436568182
436577508
436586834
436596160
436605486
436614812
436624138
436633464
436642790
436652116
436661442
436670768
436680094
436689420
436698746
436708072
436717398
436726724
436736050
436745376
436754702
436764028
436773354
436782680
436792006
436801332
436810658
436819984
436829310
436838636
436847962
436857288
436866614
436875940
436885266
436894592
436903918
436913244
436922570
436931896
436941222
436950548
436959874
436969200
436978526
436987852
436997178
437006504
437015830
437025156
437034482
437043808
437053134
437062460
437071786
437081112
437090438
437099764
437109090
437118416
437127742
437137068
437146394
437155720
437165046
437174372
437183698
437193024
437202350
437211676
437221002
437230328
437239654
437248980
437258306
437267632
437276958
437286284
437295610
437304936
437314262
437323588
437332914
437342240
437351566
437360892
437370218
437379544
437388870
437398196
437407522
437416848
437426174
437435500
437444826
437454152
437463478
437472804
437482130
437491456
437500782
437510108
437519434
437528760
437538086
437547412
437556738
437566064
437575390
437584716
437594042
437603368
437612694
437622020
437631346
437640672
437649998
437659324
437668650
437677976
437687302
437696628
437705954
437715280
437724606
437733932
437743258
437752584
437761910
437771236
437780562
437789888
437799214
437808540
437817866
437827192
437836518
437845844
437855170
437864496
437873822
437883148
437892474
437901800
437911126
437920452
437929778
437939104
437948430
437957756
437967082
437976408
437985734
437995060
438004386
438013712
438023038
438032364
438041690
438051016
438060342
438069668
438078994
438088320
438097646
438106972
438116298
438125624
438134950
438144276
438153602
438162928
438172254
438181580
438190906
438200232
438209558
438218884
438228210
438237536
438246862
438256188
438265514
438274840
438284166
438293492
438302818
438312144
438321470
438330796
438340122
438349448
438358774
438368100
438377426
438386752
438396078
438405404
438414730
438424056
438433382
438442708
438452034
438461360
438470686
438480012
438489338
438498664
438507990
438517316
438526642
438535968
438545294
438554620
438563946
438573272
438582598
438591924
438601250
438610576
438619902
438629228
438638554
438647880
438657206
438666532
438675858
438685184
438694510
438703836
438713162
438722488
438731814
438741140
438750466
438759792
438769118
438778444
438787770
438797096
438806422
438815748
438825074
438834400
438843726
438853052
438862378
438871704
438881030
438890356
438899682
438909008
438918334
438927660
438936986
438946312
438955638
438964964
438974290
438983616
438992942
439002268
439011594
439020920
439030246
439039572
439048898
439058224
439067550
439076876
439086202
439095528
439104854
439114180
439123506
439132832
439142158
439151484
439160810
439170136
439179462
439188788
439198114
439207440
439216766
439226092
439235418
439244744
439254070
439263396
439272722
439282048
439291374
439300700
439310026
439319352
439328678
439338004
439347330
439356656
439365982
439375308
439384634
439393960
439403286
439412612
439421938
439431264
439440590
439449916
439459242
439468568
439477894
439487220
439496546
439505872
439515198
439524524
439533850
439543176
439552502
439561828
439571154
439580480
439589806
439599132
439608458
439617784
439627110
439636436
439645762
439655088
439664414
439673740
439683066
439692392
439701718
439711044
439720370
439729696
439739022
439748348
439757674
439767000
439776326
439785652
439794978
439804304
439813630
439822956
439832282
439841608
439850934
439860260
439869586
439878912
439888238
439897564
439906890
439916216
439925542
439934868
439944194
439953520
439962846
439972172
439981498
439990824
440000150
440009476
440018802
440028128
440037454
440046780
440056106
440065432
440074758
440084084
440093410
440102736
440112062
440121388
440130714
440140040
440149366
440158692
440168018
440177344
440186670
440195996
440205322
440214648
440223974
440233300
440242626
440251952
440261278
440270604
440279930
440289256
440298582
440307908
440317234
440326560
440335886
440345212
440354538
440363864
440373190
440382516
440391842
440401168
440410494
440419820
440429146
440438472
440447798
440457124
440466450
440475776
440485102
440494428
440503754
440513080
440522406
440531732
440541058
440550384
440559710
440569036
440578362
440587688
440597014
440606340
440615666
440624992
440634318
440643644
440652970
440662296
440671622
440680948
440690274
440699600
440708926
440718252
440727578
440736904
440746230
440755556
440764882
440774208
440783534
440792860
440802186
440811512
440820838
440830164
440839490
440848816
440858142
440867468
440876794
440886120
440895446
440904772
440914098
440923424
440932750
440942076
440951402
440960728
440970054
440979380
440988706
440998032
441007358
441016684
441026010
441035336
441044662
441053988
441063314
441072640
441081966
441091292
441100618
441109944
441119270
441128596
441137922
441147248
441156574
441165900
441175226
441184552
441193878
441203204
441212530
441221856
441231182
441240508
441249834
441259160
441268486
441277812
441287138
441296464
441305790
441315116
441324442
441333768
441343094
441352420
441361746
441371072
441380398
441389724
441399050
441408376
441417702
441427028
441436354
441445680
441455006
441464332
441473658
441482984
441492310
441501636
441510962
441520288
441529614
441538940
441548266
441557592
441566918
441576244
441585570
441594896
441604222
441613548
441622874
441632200
441641526
441650852
441660178
441669504
441678830
441688156
441697482
441706808
441716134
441725460
441734786
441744112
441753438
441762764
441772090
441781416
441790742
441800068
441809394
441818720
441828046
441837372
441846698
441856024
441865350
441874676
441884002
441893328
441902654
441911980
441921306
441930632
441939958
441949284
441958610
441967936
441977262
441986588
441995914
442005240
442014566
442023892
442033218
442042544
442051870
442061196
442070522
442079848
442089174
442098500
442107826
442117152
442126478
442135804
442145130
442154456
442163782
442173108
442182434
442191760
442201086
442210412
442219738
442229064
442238390
442247716
442257042
442266368
442275694
442285020
442294346
442303672
442312998
442322324
442331650
442340976
442350302
442359628
442368954
442378280
442387606
442396932
442406258
442415584
442424910
442434236
442443562
442452888
442462214
442471540
442480866
442490192
442499518
442508844
442518170
442527496
442536822
442546148
442555474
442564800
442574126
442583452
442592778
442602104
442611430
442620756
442630082
442639408
442648734
442658060
442667386
442676712
442686038
442695364
442704690
442714016
442723342
442732668
442741994
442751320
442760646
442769972
442779298
442788624
442797950
442807276
442816602
442825928
442835254
442844580
442853906
442863232
442872558
442881884
442891210
442900536
442909862
442919188
442928514
442937840
442947166
442956492
442965818
442975144
442984470
442993796
443003122
443012448
443021774
443031100
443040426
443049752
443059078
443068404
443077730
443087056
443096382
443105708
443115034
443124360
443133686
443143012
443152338
443161664
443170990
443180316
443189642
443198968
443208294
443217620
443226946
443236272
443245598
443254924
443264250
443273576
443282902
443292228
443301554
443310880
443320206
443329532
443338858
443348184
443357510
443366836
443376162
443385488
443394814
443404140
443413466
443422792
443432118
443441444
443450770
443460096
443469422
443478748
443488074
443497400
443506726
443516052
443525378
443534704
443544030
443553356
443562682
443572008
443581334
443590660
443599986
443609312
443618638
443627964
443637290
443646616
443655942
443665268
443674594
443683920
443693246
443702572
443711898
443721224
443730550
443739876
443749202
443758528
443767854
443777180
443786506
443795832
443805158
443814484
443823810
443833136
443842462
443851788
443861114
443870440
443879766
443889092
443898418
443907744
443917070
443926396
443935722
443945048
443954374
443963700
443973026
443982352
443991678
444001004
444010330
444019656
444028982
444038308
444047634
444056960
444066286
444075612
444084938
444094264
444103590
444112916
444122242
444131568
444140894
444150220
444159546
444168872
444178198
444187524
444196850
444206176
444215502
444224828
444234154
444243480
444252806
444262132
444271458
444280784
444290110
444299436
444308762
444318088
444327414
444336740
444346066
444355392
444364718
444374044
444383370
444392696
444402022
444411348
444420674
444430000
444439326
444448652
444457978
444467304
444476630
444485956
444495282
444504608
444513934
444523260
444532586
444541912
444551238
444560564
444569890
444579216
444588542
444597868
444607194
444616520
444625846
444635172
444644498
444653824
444663150
444672476
444681802
444691128
444700454
444709780
444719106
444728432
444737758
444747084
444756410
444765736
444775062
444784388
444793714
444803040
444812366
444821692
444831018
444840344
444849670
444858996
444868322
444877648
444886974
444896300
444905626
444914952
444924278
444933604
444942930
444952256
444961582
444970908
444980234
444989560
444998886
445008212
445017538
445026864
445036190
445045516
445054842
445064168
445073494
445082820
445092146
445101472
445110798
445120124
445129450
445138776
445148102
445157428
445166754
445176080
445185406
445194732
445204058
445213384
445222710
445232036
445241362
445250688
445260014
445269340
445278666
445287992
445297318
445306644
445315970
445325296
445334622
445343948
445353274
445362600
445371926
445381252
445390578
445399904
445409230
445418556
445427882
445437208
445446534
445455860
445465186
445474512
445483838
445493164
445502490
445511816
445521142
445530468
445539794
445549120
445558446
445567772
445577098
445586424
445595750
445605076
445614402
445623728
445633054
445642380
445651706
445661032
445670358
445679684
445689010
445698336
445707662
445716988
445726314
445735640
445744966
445754292
445763618
445772944
445782270
445791596
445800922
445810248
445819574
445828900
445838226
445847552
445856878
445866204
445875530
445884856
445894182
445903508
445912834
445922160
445931486
445940812
445950138
445959464
445968790
445978116
445987442
445996768
446006094
446015420
446024746
446034072
446043398
446052724
446062050
446071376
446080702
446090028
446099354
446108680
446118006
446127332
446136658
446145984
446155310
446164636
446173962
446183288
446192614
446201940
446211266
446220592
446229918
446239244
446248570
446257896
446267222
446276548
446285874
446295200
446304526
446313852
446323178
446332504
446341830
446351156
446360482
446369808
446379134
446388460
446397786
446407112
446416438
446425764
446435090
446444416
446453742
446463068
446472394
446481720
446491046
446500372
446509698
446519024
446528350
446537676
446547002
446556328
446565654
446574980
446584306
446593632
446602958
446612284
446621610
446630936
446640262
446649588
446658914
446668240
446677566
446686892
446696218
446705544
446714870
446724196
446733522
446742848
446752174
446761500
446770826
446780152
446789478
446798804
446808130
446817456
446826782
446836108
446845434
446854760
446864086
446873412
446882738
446892064
446901390
446910716
446920042
446929368
446938694
446948020
446957346
446966672
446975998
446985324
446994650
447003976
447013302
447022628
447031954
447041280
447050606
447059932
447069258
447078584
447087910
447097236
447106562
447115888
447125214
447134540
447143866
447153192
447162518
447171844
447181170
447190496
447199822
447209148
447218474
447227800
447237126
447246452
447255778
447265104
447274430
447283756
447293082
447302408
447311734
447321060
447330386
447339712
447349038
447358364
447367690
447377016
447386342
447395668
447404994
447414320
447423646
447432972
447442298
447451624
447460950
447470276
447479602
447488928
447498254
447507580
447516906
447526232
447535558
447544884
447554210
447563536
447572862
447582188
447591514
447600840
447610166
447619492
447628818
447638144
447647470
447656796
447666122
447675448
447684774
447694100
447703426
447712752
447722078
447731404
447740730
447750056
447759382
447768708
447778034
447787360
447796686
447806012
447815338
447824664
447833990
447843316
447852642
447861968
447871294
447880620
447889946
447899272
447908598
447917924
447927250
447936576
447945902
447955228
447964554
447973880
447983206
447992532
448001858
448011184
448020510
448029836
448039162
448048488
448057814
448067140
448076466
448085792
448095118
448104444
448113770
448123096
448132422
448141748
448151074
448160400
448169726
448179052
448188378
448197704
448207030
448216356
448225682
448235008
448244334
448253660
448262986
448272312
448281638
448290964
448300290
448309616
448318942
448328268
448337594
448346920
448356246
448365572
448374898
448384224
448393550
448402876
448412202
448421528
448430854
448440180
448449506
448458832
448468158
448477484
448486810
448496136
448505462
448514788
448524114
448533440
448542766
448552092
448561418
448570744
448580070
448589396
448598722
448608048
448617374
448626700
448636026
448645352
448654678
448664004
448673330
448682656
448691982
448701308
448710634
448719960
448729286
448738612
448747938
448757264
448766590
448775916
448785242
448794568
448803894
448813220
448822546
448831872
448841198
448850524
448859850
448869176
448878502
448887828
448897154
448906480
448915806
448925132
448934458
448943784
448953110
448962436
448971762
448981088
448990414
448999740
449009066
449018392
449027718
449037044
449046370
449055696
449065022
449074348
449083674
449093000
449102326
449111652
449120978
449130304
449139630
449148956
449158282
449167608
449176934
449186260
449195586
449204912
449214238
449223564
449232890
449242216
449251542
449260868
449270194
449279520
449288846
449298172
449307498
449316824
449326150
449335476
449344802
449354128
449363454
449372780
449382106
449391432
449400758
449410084
449419410
449428736
449438062
449447388
449456714
449466040
449475366
449484692
449494018
449503344
449512670
449521996
449531322
449540648
449549974
449559300
449568626
449577952
449587278
449596604
449605930
449615256
449624582
449633908
449643234
449652560
449661886
449671212
449680538
449689864
449699190
449708516
449717842
449727168
449736494
449745820
449755146
449764472
449773798
449783124
449792450
449801776
449811102
449820428
449829754
449839080
449848406
449857732
449867058
449876384
449885710
449895036
449904362
449913688
449923014
449932340
449941666
449950992
449960318
449969644
449978970
449988296
449997622
450006948
450016274
450025600
450034926
450044252
450053578
450062904
450072230
450081556
450090882
450100208
450109534
450118860
450128186
450137512
450146838
450156164
450165490
450174816
450184142
450193468
450202794
450212120
450221446
450230772
450240098
450249424
450258750
450268076
450277402
450286728
450296054
450305380
450314706
450324032
450333358
450342684
450352010
450361336
450370662
450379988
450389314
450398640
450407966
450417292
450426618
450435944
450445270
450454596
450463922
450473248
450482574
450491900
450501226
450510552
450519878
450529204
450538530
450547856
450557182
450566508
450575834
450585160
450594486
450603812
450613138
450622464
450631790
450641116
450650442
450659768
450669094
450678420
450687746
450697072
450706398
450715724
450725050
450734376
450743702
450753028
450762354
450771680
450781006
450790332
450799658
450808984
450818310
450827636
450836962
450846288
450855614
450864940
450874266
450883592
450892918
450902244
450911570
450920896
450930222
450939548
450948874
450958200
450967526
450976852
450986178
450995504
451004830
451014156
451023482
451032808
451042134
451051460
451060786
451070112
451079438
451088764
451098090
451107416
451116742
451126068
451135394
451144720
451154046
451163372
451172698
451182024
451191350
451200676
451210002
451219328
451228654
451237980
451247306
451256632
451265958
451275284
451284610
451293936
451303262
451312588
451321914
451331240
451340566
451349892
451359218
451368544
451377870
451387196
451396522
451405848
451415174
451424500
451433826
451443152
451452478
451461804
451471130
451480456
451489782
451499108
451508434
451517760
451527086
451536412
451545738
451555064
451564390
451573716
451583042
451592368
451601694
451611020
451620346
451629672
451638998
451648324
451657650
451666976
451676302
451685628
451694954
451704280
451713606
451722932
451732258
451741584
451750910
451760236
451769562
451778888
451788214
451797540
451806866
451816192
451825518
451834844
451844170
451853496
451862822
451872148
451881474
451890800
451900126
451909452
451918778
451928104
451937430
451946756
451956082
451965408
451974734
451984060
451993386
452002712
452012038
452021364
452030690
452040016
452049342
452058668
452067994
452077320
452086646
452095972
452105298
452114624
452123950
452133276
452142602
452151928
452161254
452170580
452179906
452189232
452198558
452207884
452217210
452226536
452235862
452245188
452254514
452263840
452273166
452282492
452291818
452301144
452310470
452319796
452329122
452338448
452347774
452357100
452366426
452375752
452385078
452394404
452403730
452413056
452422382
452431708
452441034
452450360
452459686
452469012
452478338
452487664
452496990
452506316
452515642
452524968
452534294
452543620
452552946
452562272
452571598
452580924
452590250
452599576
452608902
452618228
452627554
452636880
452646206
452655532
452664858
452674184
452683510
452692836
452702162
452711488
452720814
452730140
452739466
452748792
452758118
452767444
452776770
452786096
452795422
452804748
452814074
452823400
452832726
452842052
452851378
452860704
452870030
452879356
452888682
452898008
452907334
452916660
452925986
452935312
452944638
452953964
452963290
452972616
452981942
452991268
453000594
453009920
453019246
453028572
453037898
453047224
453056550
453065876
453075202
453084528
453093854
453103180
453112506
453121832
453131158
453140484
453149810
453159136
453168462
453177788
453187114
453196440
453205766
453215092
453224418
453233744
453243070
453252396
453261722
453271048
453280374
453289700
453299026
453308352
453317678
453327004
453336330
453345656
453354982
453364308
453373634
453382960
453392286
453401612
453410938
453420264
453429590
453438916
453448242
453457568
453466894
453476220
