2000 1900 88
247482285
228956663
774966924
882066438
536574890
199106712
422557961
360405791
893513964
313693357
879464126
218896850
428662077
346818458
244101790
36608510
248708023
885830742
424761059
191243512
469084043
279555732
880314962
786556459
248510627
560068198
804054742
885750159
560232391
295994502
320235863
778233712
224229173
223728895
893933538
880187774
779069135
772670315
536191903
890791189
618850765
245537916
883558623
903916117
303240901
786302799
769642472
320069080
239937477
248112506
880668061
559950974
313557852
875451790
785897583
888762755
294014933
884385253
236291294
292017407
128073113
560317622
767889140
237399868
785450819
486703276
786476190
238617990
808879629
769038647
229024155
902190401
192969367
900093069
786399943
875680604
786268192
809031612
786150230
422103374
223248808
560423308
788677828
225899755
301978835
897610128
422671710
560199818
467214969
765755330
239610755
239777575
883699849
875431699
698543568
897482751
772156747
460880605
848295912
355467536
218848399
132367624
212955021
884342505
932497725
313676093
893876742
360553332
280815622
809027140
304675493
615259541
778005258
883692816
786169895
313256420
786556369
558847580
930010390
772650100
922616532
455582158
879948535
893508691
347412755
753103376
786208211
570938012
127597964
245470221
424873145
291913938
808898524
230825171
882228983
293098851
477866637
879105134
424815191
883560923
786516013
875299547
293812573
300737701
621842193
774935814
218847246
968926031
777983105
437972549
536344888
424253882
232268301
779155536
786373591
239517040
751478831
883622644
880185421
902161751
775208580
879114715
779165916
769622569
223848737
880148865
320162983
966733713
614612227
560589720
772868559
786343379
247579537
808893207
887448175
612198706
904149361
571051483
223897414
575210215
808877108
346038453
465927329
875447701
247577459
884377958
242340443
809027148
558849902
155443353
368167324
921067850
893510013
826980489
243442070
229970826
424689266
750676092
534802293
361619907
221856641
470416476
194806335
880482060
808882910
559422705
425501274
319065486
239650120
247242536
422720299
900041379
875482704
246322601
249590283
289975252
808894334
769621335
200719632
808915177
883699520
807619458
493431959
615430566
422679282
752658720
778623810
769009032
897609416
779213771
231753689
876117705
899965258
939030749
245476676
885652624
422094639
353578266
561701087
897642744
890101505
883775346
561164271
427024641
786354241
786159782
753456592
882129360
883738967
786341221
301990753
778233657
474153789
318887290
239432417
424849635
894021640
786499856
778199383
247827395
612151183
817781236
278597240
879956619
197989520
961660249
228799725
359191613
232370649
903903161
752999774
801071887
279541144
769010792
560278498
917425160
187688341
893276160
894004508
473840408
889370081
303979575
773162303
880677951
482859591
278477936
892991208
769622713
776522867
366556765
367366592
889994398
559760672
778002771
247242270
536351472
968930360
883578091
997361138
422203088
862387137
883386276
239411054
883749252
614609289
615260165
883703760
883991551
788357001
424831760
766608199
765772901
248167286
779157292
883719616
903010218
344255131
320145286
422626290
808888204
883556164
570313811
883719974
924119782
786139471
424698215
192490689
886100530
900225528
223925896
884352626
300754427
320071723
425250980
220765414
886519394
766341720
247578214
84837268
765841783
788649535
880444041
320077513
278765934
273425643
247581107
778233957
909253561
614836663
280143827
784558094
966673907
457666679
904046756
223887080
91461865
235032132
884386574
360286019
457698020
231834633
614541385
557383182
245462320
270313252
292342616
704775237
219755122
284438817
424197693
319069068
248235828
192461836
422717724
969526103
778151887
956940027
808898540
975472463
424950095
786479787
766624247
920075786
467463669
808885934
928539546
294141849
897477596
786014615
220505905
885335143
788640356
767563803
893453432
239901335
202538459
454938683
787035813
202436147
192482687
892843438
885532045
548055431
900024422
315753411
820558061
920176096
615176060
247608403
127163719
885028525
769011873
786476978
245801975
894021572
293787431
359448267
880185421
558603409
237797770
424626107
233566892
237388756
346783701
559331319
344349813
218884063
902226156
273617873
809041089
84179304
221178125
422089493
454408655
237397192
885798525
316370289
761275389
247579555
424952415
129959297
884386798
223787509
424777701
762186496
465016873
808862016
223888077
809041158
884384234
247469644
883704933
299956295
239426876
247597605
893170290
424412890
881858109
911369967
918900566
920094313
809041781
422679858
878963544
884458444
614442194
750337214
241224262
560465950
588173686
769688234
437727113
292215947
242064423
765949654
884146611
765755184
82968680
876243181
437679409
424198180
245370923
893269532
884363298
975111836
580406212
888948190
424600194
612752620
292509002
892937898
315883494
529493712
460927974
786482203
239412988
786373781
559161836
801000727
917472052
319264496
422727312
772196346
530057352
248163102
247805683
132405296
561941503
971051051
473442865
239904095
422679011
245475231
300674804
893926117
555527443
785897682
239494260
559239886
218786973
557377674
875315844
918667133
128406010
883778090
556765108
194820117
424210374
466425651
775251611
537970149
892837861
809079802
248528251
610107514
924080122
247244614
422685666
808898507
300705452
247590165
437899498
422688343
223846970
482825661
892827021
344427238
769541905
229685814
561646518
883548018
304142963
422099226
883771101
596202591
90791911
573472218
234298171
805255208
477798124
561933381
786514667
488574399
368153417
193225856
467327336
245771017
897532337
884654833
247924710
522039457
245580933
772382660
200500877
368191296
883672613
213971752
886473177
301063293
893002031
880178531
303636343
772179821
454574040
900128400
766122878
786397347
422649195
236650444
808894855
769622353
247267031
548583202
808897071
884518026
884354326
902989338
560215891
272071706
805018412
300720593
482788721
231913623
936392162
883671502
558996913
318872342
576098076
423830705
535959510
883699281
294203653
788606288
537135854
808887807
424339086
298247342
424626297
320165144
424186967
903052082
880385665
559812279
869998358
884385836
884383445
767592792
884364245
900037410
885034929
900097750
928417289
280290163
319256907
886604796
609364459
786516158
294198044
280003369
300737618
809033358
567875222
769622569
220198476
536571066
614547783
786341401
229534629
291481434
883595155
411344362
361527973
229020312
879114874
537541681
772217652
772646418
279571164
940376289
892849635
239937924
125450950
871309010
233711153
928565205
239626021
243904060
961640168
304473683
319190833
892160548
242012637
875531481
801479990
883700809
247469881
893505795
243920135
359349742
454910146
614451373
935578786
808925031
898121671
560390232
247455889
237347299
293056097
477901609
547958605
84834139
566770085
778441128
537544960
922863395
300748116
242831837
769621357
778011364
292213995
273879703
765853048
768850798
612309932
559433852
247822073
923486434
878964847
573404309
560459452
897892437
560217219
812024089
578533480
398295091
466375422
786526111
200527246
247462571
772603407
456018141
774935760
80247527
231699546
422777308
447623773
247806544
556851048
247924769
808898365
466484183
869517666
561704351
448682070
885839675
229853008
786479046
424894196
244049517
248236541
808893214
614953654
559093129
422208977
422633106
247561460
320080747
374465530
211040521
774939169
304686340
436766300
767536629
751877150
561698092
808924457
558626582
300685526
883686309
243441890
318851456
808840846
229349239
862146323
926792129
928537359
239776783
875450505
916630837
425214438
880894988
187592532
468825518
218932745
614545091
127784548
347457999
614524360
883547967
841802002
425193340
294144829
769618138
880715964
788297297
900088040
917077743
773884290
559926922
315478090
329629292
344246359
220687865
320191537
580695128
893457386
614444159
812473993
892991210
248166024
229492512
293721442
219754673
200549913
359711295
769976603
240134118
768963733
573116577
518779559
424593871
454924619
247461990
875324412
875431616
884449454
786528089
885075253
516413838
422629823
884386800
570812553
559237225
454438472
616175590
248156196
229911738
779255939
808891860
92725913
241259618
903916771
347378949
866439136
922384583
786945006
765865148
885616636
767612440
422595597
903013124
493622863
224485890
280003486
247565333
560215143
559755006
239429741
801419604
192459849
809074832
422094299
808864211
247822929
616175597
127630992
883559911
897611216
457698019
778053755
229901637
422086722
561778099
424902842
109490037
548785434
231881631
291267460
247399677
424691363
284926089
808893739
232390719
359323152
769676251
319798010
247920248
616209482
245985666
247585904
320163023
281552226
560466400
922385020
768261443
247404236
801717064
239430657
879902552
875282588
422144771
777999945
818819894
245448439
880345464
283218934
370998946
869809941
517516553
360577408
900969077
786238196
884385261
788773563
886606536
536273742
301505207
522287661
613198084
787043312
272448155
894511743
297965931
876083052
318723067
883673391
346965482
320071155
926774799
808861375
808894332
883594438
884385337
880719808
928568426
424167293
280009430
477883933
422727815
614534044
214036016
477868505
188684404
293477794
818532168
486704111
313745631
347418788
902249812
772559129
770713970
615427908
492784613
422725796
769995069
801495485
880298926
239879003
232196733
808637836
878923901
616175336
548007091
812122275
613409891
279531532
886676654
247244454
609788870
926770610
808894304
867061049
560128777
239481184
576301733
886343435
437976949
880488901
559374338
132493321
239148814
385286426
228941537
773241253
893265599
555547452
938901081
614362543
892839871
303567992
422695277
262934571
421921833
440229954
886684741
801082163
424622434
883628150
616175505
883067022
298214044
241970684
768807613
448803782
779179967
875432680
753002855
786219102
247581308
808894567
765841858
236815807
558800666
879098084
239407437
890134164
880488087
320133089
132365255
774070478
923169260
126598364
622968771
786354093
320080640
82132383
577018949
357771738
613272783
284465490
320162869
753364242
424585192
220387684
612675500
614363630
249632727
880255604
883622187
320173118
560424603
230814376
302392463
261531015
883674054
422649049
536399782
300740166
808898364
114959690
624287231
773402677
128016143
247822141
247819206
545941190
809027107
313941647
460808047
367475282
614619149
560465163
247565205
320161893
808891927
810101388
303068243
786364472
611573271
601291208
768485124
228954374
886115423
273556739
424809369
883747850
808865698
346496514
769621747
768056210
562313973
422839365
809027498
808895577
917436966
708003704
769622731
422679283
809025709
922429742
318935212
882308656
615557194
341815199
786355700
893297777
870041539
247561774
274585316
883672332
440524345
769644237
192463505
247469666
216767134
808925478
248524185
248510658
236788677
786556449
900329638
560233509
248162629
248154458
786944709
769307577
232097632
893168515
788369491
560215327
280086492
786351339
808897950
273831285
765668310
558632909
280672021
766735332
614538257
707743830
281579945
561776218
315679916
867177051
808888209
343775931
767615354
786341840
247591600
772843629
780256740
320159733
292497922
272647297
422093170
231914457
779164559
774732018
771432337
903915912
947775269
221014065
772664924
866223776
772102152
769011750
312940029
892993724
129684922
477883919
881943687
536304711
247924694
786397616
422323483
422626409
329001488
884354385
894473004
893887967
424862242
534000209
247422505
822107938
862038541
248368189
893466575
878952727
200869211
612746163
558850660
772520574
223757303
801122904
804908915
809027123
776757156
536372004
691546156
808879835
786480457
889652774
881844524
422083622
883673972
560322272
951532498
875336406
969523401
424765729
577224281
126590429
239878755
612144353
292017320
231829970
344718869
561776150
884751483
559011667
894493825
575476197
284468045
455945689
537116972
518214015
848038310
422728003
85689691
423910980
301887700
786556472
231821755
768291697
367357371
238635474
786313838
935738776
560412986
320146116
247990508
880482126
890760772
559346754
424217442
772138624
239432460
899963649
883728903
367491163
893985088
902249103
761701718
786013260
439244955
624890988
359784237
422113227
560130278
808842293
883716765
884354754
558800422
425239264
192807238
470977023
341092475
769010438
229879199
189720376
300671904
359263656
514515373
557785492
615985094
883771101
892937728
810418292
571071054
968859582
270009016
241978328
248163265
894503672
262421257
530971879
454560608
518585243
808875216
881902602
573397030
189714649
876544118
893935295
197468347
886623880
241261307
213383257
875337001
223670124
808887868
769643887
808894049
136983444
455944149
293152144
612773491
559968502
809027151
778048945
788361283
239888794
576031326
411852877
774942468
455950410
240085995
786332983
228756153
778211147
576234687
560462751
805562218
786526417
886171606
801401696
318848922
239936261
765824003
772890660
767616884
559755056
883674763
236021410
777200292
313439971
903012856
245369033
876307498
558597773
894361501
598469466
615864482
245457034
778914025
893563776
729986435
788654854
750921840
900097736
808879823
614452021
248452286
77069413
294065961
239430972
808883854
769009203
778611676
280144873
774391682
320230554
786482067
835792782
899195148
786446449
879980724
778445305
769516310
560324418
424974642
128416783
883407667
221181957
247574979
467448219
538037610
440706676
808893552
248236558
616174965
466425483
239459743
200871346
357923914
880263512
572459054
355814114
222653269
884386657
284428351
84838573
786516090
753479273
480151486
219997548
495460091
808897586
258013811
903052008
883669537
241013792
903928682
319262919
485743260
883306813
177891409
214152797
361639102
493235683
248237437
304332863
422475245
93446330
936387197
875431590
188004671
347324153
284463768
560221445
931647983
187507930
772533915
886194555
876392263
773169994
928557166
560373870
468605632
774029761
456015983
239320419
346321154
464832285
770001568
892846906
424942159
422770947
561768829
884385252
91293253
359132915
231925685
899185403
424861340
619406208
878633392
284644450
367642186
936548922
229492630
558636202
884354758
128316382
883728025
561669470
887897469
247561973
457697975
221653791
455944621
188999884
612247993
787019252
223887506
301520883
248038296
613136515
932331617
428698228
878908489
424622306
560115474
367313726
885413377
231749643
869827746
808894529
883714900
263120047
786170601
560537658
320212280
879946494
248423140
886600923
222096321
294192278
894032115
357981966
263253586
707067407
223855751
559346406
291700583
231915988
385730157
772011980
221178915
218993423
93276529
538039560
817870824
847954704
294686367
778526866
577110695
927046216
200608382
201105596
972904944
577418608
558601169
359755658
152668117
866984099
818850035
557772861
841912304
303519264
468830355
437883141
75718271
228956127
883595210
884384243
788608579
611584166
229790343
236662718
559755056
875284089
300670721
809027059
558657494
809073419
279419085
809239275
247581205
247812601
422088339
349737093
886604311
902320440
876792753
885119195
899185260
234028763
893987550
558603929
284696854
896258023
884719774
777280178
239418836
473651149
890133324
231592305
909634779
778039306
960262197
62517305
239633384
302403123
306176163
786346106
300749147
570392065
273587332
231910572
422474021
521078285
769289988
809078535
231913620
911270414
776832803
366384151
776691146
880714429
770999578
866991326
560414476
247932006
611959469
241267026
788564444
841373639
229852210
303628098
808894631
536888957
968947895
283406739
808888195
808923065
231915387
202553112
808894351
254188039
573460819
536276938
886089345
883673352
610048707
459707288
855851263
786482077
613214637
293789653
247113199
187594178
284719450
422298775
826897760
892827167
884380976
313218697
518737745
614361338
245801837
765844983
240741412
882295459
229851848
385348136
776833136
879901600
886099988
752589619
808898454
360966642
560392270
559756759
835789884
559326433
786910410
85809471
424208123
229137028
558223600
300749353
422122135
465280238
904267514
778014224
786525799
473842883
302009603
223913014
894021215
359489851
294348176
247564717
344649190
769627148
228956118
812074309
614357547
886183764
347505544
753264433
786341294
741487657
304286119
224421310
774131952
810957489
610136828
786474780
616192534
866345298
893516397
801071828
884354213
238288770
876323647
314586429
769005203
557773455
560414332
510756184
786553935
296720232
880325483
223248348
538058071
772490340
895970260
80981259
561949968
466033815
612317978
177609188
477891991
808909184
249136176
808891310
974714159
424621589
239412969
880323549
893595467
486632661
805012679
786007625
283407155
773294711
495261913
307142450
968918987
349811570
294191543
810312441
283398179
969393707
562468736
283204238
575422643
886344040
893596607
884026692
247818683
767555980
320080572
559346737
488213771
229489589
880216829
809030495
424737871
808879480
786521530
352187221
808879096
576254334
717211276
447109778
460078081
558635994
808894570
884691157
296067966
559373935
560124087
460881485
299824603
283296264
422841791
559346633
474951301
786363323
320153838
809020202
367335189
218845778
454434420
561698101
247609718
199712721
361655713
879923211
888227163
616173502
202526540
768053419
273201567
808891924
560591777
75703767
277064250
883714369
784594605
883387280
277039853
770769132
347429668
778915833
347447383
312883437
571069709
230703489
69878456
228917523
766123242
773573994
470983570
766342064
866333866
430963446
883673378
875432437
190206421
156068175
294781547
247579562
242006633
888206395
809034347
244804174
560323051
808843313
561663326
892937939
773967428
247597663
808883854
247585945
947362773
614558376
247563084
786077514
779164417
231594897
808893369
875336281
536917766
884381663
537151965
284463374
424343290
611959449
202563053
247579554
947359380
888263239
302006712
875330103
424619701
301817069
202341763
216614285
786068116
616172086
245467610
422160037
292000710
56320111
537134928
808887972
875336366
936389696
809073457
537116368
801101127
424939971
519848184
560215124
778140953
242076589
893662502
422658180
241218170
422679779
697946451
247587471
862267434
808908288
900087110
878932176
882372218
282230986
786224998
559087858
902144706
893035644
439250518
766327686
245372678
279067976
344601291
229853883
304686454
241028915
537149026
239623950
347450904
879507422
889973327
422640751
228956098
359317573
246233932
235797795
248510650
779996260
612235578
936335458
477742197
772427924
424787358
612131529
893531374
616161537
237421547
247582627
875336183
313675610
467235773
869808964
454411459
768251591
422690702
877680431
245369176
477757917
347648806
319070740
228949607
882192358
131869901
893295293
769963531
240851023
458263249
231884594
422127941
357980758
263264356
778231024
559346464
885117204
876730251
440717797
439308253
808887784
422295147
237461901
242069900
241218274
899965232
924429436
424413299
485461830
875459518
893269430
616204573
237799713
320250699
886616984
884379268
766206278
422729335
786302837
809041798
788777216
765817884
571154049
424873307
340006762
558603822
786518684
239412806
614362577
875283628
297970458
303757881
530966522
896193093
769653182
774124859
753160311
894024497
878228035
866429522
192462692
360285993
573453009
318927631
445558399
811972309
229806411
347469563
800955925
451741056
466641662
773942317
229570700
883746275
559882830
888376905
236805953
243176780
294761355
775096053
773413700
247562939
474022138
614913979
247822919
303831476
560217300
784035953
619617394
237757666
879114972
769713868
969193851
228956706
422694806
559758505
561981199
247886412
900092443
812391515
808879835
885607776
890000665
367387095
809043231
425236379
439322510
242796917
931465343
879922617
767848860
769613960
422694382
786351253
560321875
