2000 18 13
434768009
434866336
434964663
435062990
435161317
435259644
435357971
435456298
435554625
435652952
435751279
435849606
435947933
436046260
436144587
436242914
436341241
436439568
436537895
436636222
436734549
436832876
436931203
437029530
437127857
437226184
437324511
437422838
437521165
437619492
437717819
437816146
437914473
438012800
438111127
438209454
438307781
438406108
438504435
438602762
438701089
438799416
438897743
438996070
439094397
439192724
439291051
439389378
439487705
439586032
439684359
439782686
439881013
439979340
440077667
440175994
440274321
440372648
440470975
440569302
440667629
440765956
440864283
440962610
441060937
441159264
441257591
441355918
441454245
441552572
441650899
441749226
441847553
441945880
442044207
442142534
442240861
442339188
442437515
442535842
442634169
442732496
442830823
442929150
443027477
443125804
443224131
443322458
443420785
443519112
443617439
443715766
443814093
443912420
444010747
444109074
444207401
444305728
444404055
444502382
444600709
444699036
444797363
444895690
444994017
445092344
445190671
445288998
445387325
445485652
445583979
445682306
445780633
445878960
445977287
446075614
446173941
446272268
446370595
446468922
446567249
446665576
446763903
446862230
446960557
447058884
447157211
447255538
447353865
447452192
447550519
447648846
447747173
447845500
447943827
448042154
448140481
448238808
448337135
448435462
448533789
448632116
448730443
448828770
448927097
449025424
449123751
449222078
449320405
449418732
449517059
449615386
449713713
449812040
449910367
450008694
450107021
450205348
450303675
450402002
450500329
450598656
450696983
450795310
450893637
450991964
451090291
451188618
451286945
451385272
451483599
451581926
451680253
451778580
451876907
451975234
452073561
452171888
452270215
452368542
452466869
452565196
452663523
452761850
452860177
452958504
453056831
453155158
453253485
453351812
453450139
453548466
453646793
453745120
453843447
453941774
454040101
454138428
454236755
454335082
454433409
454531736
454630063
454728390
454826717
454925044
455023371
455121698
455220025
455318352
455416679
455515006
455613333
455711660
455809987
455908314
456006641
456104968
456203295
456301622
456399949
456498276
456596603
456694930
456793257
456891584
456989911
457088238
457186565
457284892
457383219
457481546
457579873
457678200
457776527
457874854
457973181
458071508
458169835
458268162
458366489
458464816
458563143
458661470
458759797
458858124
458956451
459054778
459153105
459251432
459349759
459448086
459546413
459644740
459743067
459841394
459939721
460038048
460136375
460234702
460333029
460431356
460529683
460628010
460726337
460824664
460922991
461021318
461119645
461217972
461316299
461414626
461512953
461611280
461709607
461807934
461906261
462004588
462102915
462201242
462299569
462397896
462496223
462594550
462692877
462791204
462889531
462987858
463086185
463184512
463282839
463381166
463479493
463577820
463676147
463774474
463872801
463971128
464069455
464167782
464266109
464364436
464462763
464561090
464659417
464757744
464856071
464954398
465052725
465151052
465249379
465347706
465446033
465544360
465642687
465741014
465839341
465937668
466035995
466134322
466232649
466330976
466429303
466527630
466625957
466724284
466822611
466920938
467019265
467117592
467215919
467314246
467412573
467510900
467609227
467707554
467805881
467904208
468002535
468100862
468199189
468297516
468395843
468494170
468592497
468690824
468789151
468887478
468985805
469084132
469182459
469280786
469379113
469477440
469575767
469674094
469772421
469870748
469969075
470067402
470165729
470264056
470362383
470460710
470559037
470657364
470755691
470854018
470952345
471050672
471148999
471247326
471345653
471443980
471542307
471640634
471738961
471837288
471935615
472033942
472132269
472230596
472328923
472427250
472525577
472623904
472722231
472820558
472918885
473017212
473115539
473213866
473312193
473410520
473508847
473607174
473705501
473803828
473902155
474000482
474098809
474197136
474295463
474393790
474492117
474590444
474688771
474787098
474885425
474983752
475082079
475180406
475278733
475377060
475475387
475573714
475672041
475770368
475868695
475967022
476065349
476163676
476262003
476360330
476458657
476556984
476655311
476753638
476851965
476950292
477048619
477146946
477245273
477343600
477441927
477540254
477638581
477736908
477835235
477933562
478031889
478130216
478228543
478326870
478425197
478523524
478621851
478720178
478818505
478916832
479015159
479113486
479211813
479310140
479408467
479506794
479605121
479703448
479801775
479900102
479998429
480096756
480195083
480293410
480391737
480490064
480588391
480686718
480785045
480883372
480981699
481080026
481178353
481276680
481375007
481473334
481571661
481669988
481768315
481866642
481964969
482063296
482161623
482259950
482358277
482456604
482554931
482653258
482751585
482849912
482948239
483046566
483144893
483243220
483341547
483439874
483538201
483636528
483734855
483833182
483931509
484029836
484128163
484226490
484324817
484423144
484521471
484619798
484718125
484816452
484914779
485013106
485111433
485209760
485308087
485406414
485504741
485603068
485701395
485799722
485898049
485996376
486094703
486193030
486291357
486389684
486488011
486586338
486684665
486782992
486881319
486979646
487077973
487176300
487274627
487372954
487471281
487569608
487667935
487766262
487864589
487962916
488061243
488159570
488257897
488356224
488454551
488552878
488651205
488749532
488847859
488946186
489044513
489142840
489241167
489339494
489437821
489536148
489634475
489732802
489831129
489929456
490027783
490126110
490224437
490322764
490421091
490519418
490617745
490716072
490814399
490912726
491011053
491109380
491207707
491306034
491404361
491502688
491601015
491699342
491797669
491895996
491994323
492092650
492190977
492289304
492387631
492485958
492584285
492682612
492780939
492879266
492977593
493075920
493174247
493272574
493370901
493469228
493567555
493665882
493764209
493862536
493960863
494059190
494157517
494255844
494354171
494452498
494550825
494649152
494747479
494845806
494944133
495042460
495140787
495239114
495337441
495435768
495534095
495632422
495730749
495829076
495927403
496025730
496124057
496222384
496320711
496419038
496517365
496615692
496714019
496812346
496910673
497009000
497107327
497205654
497303981
497402308
497500635
497598962
497697289
497795616
497893943
497992270
498090597
498188924
498287251
498385578
498483905
498582232
498680559
498778886
498877213
498975540
499073867
499172194
499270521
499368848
499467175
499565502
499663829
499762156
499860483
499958810
500057137
500155464
500253791
500352118
500450445
500548772
500647099
500745426
500843753
500942080
501040407
501138734
501237061
501335388
501433715
501532042
501630369
501728696
501827023
501925350
502023677
502122004
502220331
502318658
502416985
502515312
502613639
502711966
502810293
502908620
503006947
503105274
503203601
503301928
503400255
503498582
503596909
503695236
503793563
503891890
503990217
504088544
504186871
504285198
504383525
504481852
504580179
504678506
504776833
504875160
504973487
505071814
505170141
505268468
505366795
505465122
505563449
505661776
505760103
505858430
505956757
506055084
506153411
506251738
506350065
506448392
506546719
506645046
506743373
506841700
506940027
507038354
507136681
507235008
507333335
507431662
507529989
507628316
507726643
507824970
507923297
508021624
508119951
508218278
508316605
508414932
508513259
508611586
508709913
508808240
508906567
509004894
509103221
509201548
509299875
509398202
509496529
509594856
509693183
509791510
509889837
509988164
510086491
510184818
510283145
510381472
510479799
510578126
510676453
510774780
510873107
510971434
511069761
511168088
511266415
511364742
511463069
511561396
511659723
511758050
511856377
511954704
512053031
512151358
512249685
512348012
512446339
512544666
512642993
512741320
512839647
512937974
513036301
513134628
513232955
513331282
513429609
513527936
513626263
513724590
513822917
513921244
514019571
514117898
514216225
514314552
514412879
514511206
514609533
514707860
514806187
514904514
515002841
515101168
515199495
515297822
515396149
515494476
515592803
515691130
515789457
515887784
515986111
516084438
516182765
516281092
516379419
516477746
516576073
516674400
516772727
516871054
516969381
517067708
517166035
517264362
517362689
517461016
517559343
517657670
517755997
517854324
517952651
518050978
518149305
518247632
518345959
518444286
518542613
518640940
518739267
518837594
518935921
519034248
519132575
519230902
519329229
519427556
519525883
519624210
519722537
519820864
519919191
520017518
520115845
520214172
520312499
520410826
520509153
520607480
520705807
520804134
520902461
521000788
521099115
521197442
521295769
521394096
521492423
521590750
521689077
521787404
521885731
521984058
522082385
522180712
522279039
522377366
522475693
522574020
522672347
522770674
522869001
522967328
523065655
523163982
523262309
523360636
523458963
523557290
523655617
523753944
523852271
523950598
524048925
524147252
524245579
524343906
524442233
524540560
524638887
524737214
524835541
524933868
525032195
525130522
525228849
525327176
525425503
525523830
525622157
525720484
525818811
525917138
526015465
526113792
526212119
526310446
526408773
526507100
526605427
526703754
526802081
526900408
526998735
527097062
527195389
527293716
527392043
527490370
527588697
527687024
527785351
527883678
527982005
528080332
528178659
528276986
528375313
528473640
528571967
528670294
528768621
528866948
528965275
529063602
529161929
529260256
529358583
529456910
529555237
529653564
529751891
529850218
529948545
530046872
530145199
530243526
530341853
530440180
530538507
530636834
530735161
530833488
530931815
531030142
531128469
531226796
531325123
531423450
531521777
531620104
531718431
531816758
531915085
532013412
532111739
532210066
532308393
532406720
532505047
532603374
532701701
532800028
532898355
532996682
533095009
533193336
533291663
533389990
533488317
533586644
533684971
533783298
533881625
533979952
534078279
534176606
534274933
534373260
534471587
534569914
534668241
534766568
534864895
534963222
535061549
535159876
535258203
535356530
535454857
535553184
535651511
535749838
535848165
535946492
536044819
536143146
536241473
536339800
536438127
536536454
536634781
536733108
536831435
536929762
537028089
537126416
537224743
537323070
537421397
537519724
537618051
537716378
537814705
537913032
538011359
538109686
538208013
538306340
538404667
538502994
538601321
538699648
538797975
538896302
538994629
539092956
539191283
539289610
539387937
539486264
539584591
539682918
539781245
539879572
539977899
540076226
540174553
540272880
540371207
540469534
540567861
540666188
540764515
540862842
540961169
541059496
541157823
541256150
541354477
541452804
541551131
541649458
541747785
541846112
541944439
542042766
542141093
542239420
542337747
542436074
542534401
542632728
542731055
542829382
542927709
543026036
543124363
543222690
543321017
543419344
543517671
543615998
543714325
543812652
543910979
544009306
544107633
544205960
544304287
544402614
544500941
544599268
544697595
544795922
544894249
544992576
545090903
545189230
545287557
545385884
545484211
545582538
545680865
545779192
545877519
545975846
546074173
546172500
546270827
546369154
546467481
546565808
546664135
546762462
546860789
546959116
547057443
547155770
547254097
547352424
547450751
547549078
547647405
547745732
547844059
547942386
548040713
548139040
548237367
548335694
548434021
548532348
548630675
548729002
548827329
548925656
549023983
549122310
549220637
549318964
549417291
549515618
549613945
549712272
549810599
549908926
550007253
550105580
550203907
550302234
550400561
550498888
550597215
550695542
550793869
550892196
550990523
551088850
551187177
551285504
551383831
551482158
551580485
551678812
551777139
551875466
551973793
552072120
552170447
552268774
552367101
552465428
552563755
552662082
552760409
552858736
552957063
553055390
553153717
553252044
553350371
553448698
553547025
553645352
553743679
553842006
553940333
554038660
554136987
554235314
554333641
554431968
554530295
554628622
554726949
554825276
554923603
555021930
555120257
555218584
555316911
555415238
555513565
555611892
555710219
555808546
555906873
556005200
556103527
556201854
556300181
556398508
556496835
556595162
556693489
556791816
556890143
556988470
557086797
557185124
557283451
557381778
557480105
557578432
557676759
557775086
557873413
557971740
558070067
558168394
558266721
558365048
558463375
558561702
558660029
558758356
558856683
558955010
559053337
559151664
559249991
559348318
559446645
559544972
559643299
559741626
559839953
559938280
560036607
560134934
560233261
560331588
560429915
560528242
560626569
560724896
560823223
560921550
561019877
561118204
561216531
561314858
561413185
561511512
561609839
561708166
561806493
561904820
562003147
562101474
562199801
562298128
562396455
562494782
562593109
562691436
562789763
562888090
562986417
563084744
563183071
563281398
563379725
563478052
563576379
563674706
563773033
563871360
563969687
564068014
564166341
564264668
564362995
564461322
564559649
564657976
564756303
564854630
564952957
565051284
565149611
565247938
565346265
565444592
565542919
565641246
565739573
565837900
565936227
566034554
566132881
566231208
566329535
566427862
566526189
566624516
566722843
566821170
566919497
567017824
567116151
567214478
567312805
567411132
567509459
567607786
567706113
567804440
567902767
568001094
568099421
568197748
568296075
568394402
568492729
568591056
568689383
568787710
568886037
568984364
569082691
569181018
569279345
569377672
569475999
569574326
569672653
569770980
569869307
569967634
570065961
570164288
570262615
570360942
570459269
570557596
570655923
570754250
570852577
570950904
571049231
571147558
571245885
571344212
571442539
571540866
571639193
571737520
571835847
571934174
572032501
572130828
572229155
572327482
572425809
572524136
572622463
572720790
572819117
572917444
573015771
573114098
573212425
573310752
573409079
573507406
573605733
573704060
573802387
573900714
573999041
574097368
574195695
574294022
574392349
574490676
574589003
574687330
574785657
574883984
574982311
575080638
575178965
575277292
575375619
575473946
575572273
575670600
575768927
575867254
575965581
576063908
576162235
576260562
576358889
576457216
576555543
576653870
576752197
576850524
576948851
577047178
577145505
577243832
577342159
577440486
577538813
577637140
577735467
577833794
577932121
578030448
578128775
578227102
578325429
578423756
578522083
578620410
578718737
578817064
578915391
579013718
579112045
579210372
579308699
579407026
579505353
579603680
579702007
579800334
579898661
579996988
580095315
580193642
580291969
580390296
580488623
580586950
580685277
580783604
580881931
580980258
581078585
581176912
581275239
581373566
581471893
581570220
581668547
581766874
581865201
581963528
582061855
582160182
582258509
582356836
582455163
582553490
582651817
582750144
582848471
582946798
583045125
583143452
583241779
583340106
583438433
583536760
583635087
583733414
583831741
583930068
584028395
584126722
584225049
584323376
584421703
584520030
584618357
584716684
584815011
584913338
585011665
585109992
585208319
585306646
585404973
585503300
585601627
585699954
585798281
585896608
585994935
586093262
586191589
586289916
586388243
586486570
586584897
586683224
586781551
586879878
586978205
587076532
587174859
587273186
587371513
587469840
587568167
587666494
587764821
587863148
587961475
588059802
588158129
588256456
588354783
588453110
588551437
588649764
588748091
588846418
588944745
589043072
589141399
589239726
589338053
589436380
589534707
589633034
589731361
589829688
589928015
590026342
590124669
590222996
590321323
590419650
590517977
590616304
590714631
590812958
590911285
591009612
591107939
591206266
591304593
591402920
591501247
591599574
591697901
591796228
591894555
591992882
592091209
592189536
592287863
592386190
592484517
592582844
592681171
592779498
592877825
592976152
593074479
593172806
593271133
593369460
593467787
593566114
593664441
593762768
593861095
593959422
594057749
594156076
594254403
594352730
594451057
594549384
594647711
594746038
594844365
594942692
595041019
595139346
595237673
595336000
595434327
595532654
595630981
595729308
595827635
595925962
596024289
596122616
596220943
596319270
596417597
596515924
596614251
596712578
596810905
596909232
597007559
597105886
597204213
597302540
597400867
597499194
597597521
597695848
597794175
597892502
597990829
598089156
598187483
598285810
598384137
598482464
598580791
598679118
598777445
598875772
598974099
599072426
599170753
599269080
599367407
599465734
599564061
599662388
599760715
599859042
599957369
600055696
600154023
600252350
600350677
600449004
600547331
600645658
600743985
600842312
600940639
601038966
601137293
601235620
601333947
601432274
601530601
601628928
601727255
601825582
601923909
602022236
602120563
602218890
602317217
602415544
602513871
602612198
602710525
602808852
602907179
603005506
603103833
603202160
603300487
603398814
603497141
603595468
603693795
603792122
603890449
603988776
604087103
604185430
604283757
604382084
604480411
604578738
604677065
604775392
604873719
604972046
605070373
605168700
605267027
605365354
605463681
605562008
605660335
605758662
605856989
605955316
606053643
606151970
606250297
606348624
606446951
606545278
606643605
606741932
606840259
606938586
607036913
607135240
607233567
607331894
607430221
607528548
607626875
607725202
607823529
607921856
608020183
608118510
608216837
608315164
608413491
608511818
608610145
608708472
608806799
608905126
609003453
609101780
609200107
609298434
609396761
609495088
609593415
609691742
609790069
609888396
609986723
610085050
610183377
610281704
610380031
610478358
610576685
610675012
610773339
610871666
610969993
611068320
611166647
611264974
611363301
611461628
611559955
611658282
611756609
611854936
611953263
612051590
612149917
612248244
612346571
612444898
612543225
612641552
612739879
612838206
612936533
613034860
613133187
613231514
613329841
613428168
613526495
613624822
613723149
613821476
613919803
614018130
614116457
614214784
614313111
614411438
614509765
614608092
614706419
614804746
614903073
615001400
615099727
615198054
615296381
615394708
615493035
615591362
615689689
615788016
615886343
615984670
616082997
616181324
616279651
616377978
616476305
616574632
616672959
616771286
616869613
616967940
617066267
617164594
617262921
617361248
617459575
617557902
617656229
617754556
617852883
617951210
618049537
618147864
618246191
618344518
618442845
618541172
618639499
618737826
618836153
618934480
619032807
619131134
619229461
619327788
619426115
619524442
619622769
619721096
619819423
619917750
620016077
620114404
620212731
620311058
620409385
620507712
620606039
620704366
620802693
620901020
620999347
621097674
621196001
621294328
621392655
621490982
621589309
621687636
621785963
621884290
621982617
622080944
622179271
622277598
622375925
622474252
622572579
622670906
622769233
622867560
622965887
623064214
623162541
623260868
623359195
623457522
623555849
623654176
623752503
623850830
623949157
624047484
624145811
624244138
624342465
624440792
624539119
624637446
624735773
624834100
624932427
625030754
625129081
625227408
625325735
625424062
625522389
625620716
625719043
625817370
625915697
626014024
626112351
626210678
626309005
626407332
626505659
626603986
626702313
626800640
626898967
626997294
627095621
627193948
627292275
627390602
627488929
627587256
627685583
627783910
627882237
627980564
628078891
628177218
628275545
628373872
628472199
628570526
628668853
628767180
628865507
628963834
629062161
629160488
629258815
629357142
629455469
629553796
629652123
629750450
629848777
629947104
630045431
630143758
630242085
630340412
630438739
630537066
630635393
630733720
630832047
630930374
631028701
631127028
631225355
631323682
